G3dErrFileVersion 2018P3.1
FlagFileMetaData Begin
   Mesh Size - Setup1, Refinement, Pass #1, Freq. 8.150000e+08 :Title    
   Listing of mesh elements with poor quality. :ToolTip  
   hf3d :Author   
   1738005238 :TimeStamp
FlagFileMetaData End
BEGIN_ERR 
26 Small mesh segment detected on body : RadiatingSurface
 Small mesh segment detected on body : RadiatingSurface 
 Segment Statistics - Number of Segments : 1 --- Segment length(s) : 0.000425mm. The cutoff frequency for S-Matrix Only Solve is 7.06205051741431MHz 
2 -1  79  # nfids, fids[]
2 146  -1  # nbids, bids[]
      8 2 1 0 #ntets ntri ned npts
           7.6187764390090379e+01  -4.7919308872302357e-01   9.7625087804284121e+01 #xyz tv0
           7.3966827064945562e+01  -7.6504118673038723e-01   9.8092134368724288e+01 #xyz tv1
           7.3966797449691853e+01  -7.6462598926714742e-01   9.8092051035848627e+01 #xyz tv2
           7.6195922060000001e+01  -7.8832787000000015e-01   9.8096808159999995e+01 -1 146 #xyz tv3 fid bid
           7.6187764390090379e+01  -4.7919308872302357e-01   9.7625087804284121e+01 #xyz tv0
           7.3966797449691853e+01  -7.6462598926714742e-01   9.8092051035848627e+01 #xyz tv1
           7.3966827064945562e+01  -7.6504118673038723e-01   9.8092134368724288e+01 #xyz tv2
           7.4850402398157428e+01  -1.2553643185523052e-02   9.6302559036629177e+01 -1 146 #xyz tv3 fid bid
           7.4401560984083915e+01  -5.7224650241075259e-01   9.8613641153172708e+01 #xyz tv0
           7.3966797449691853e+01  -7.6462598926714742e-01   9.8092051035848627e+01 #xyz tv1
           7.3966827064945562e+01  -7.6504118673038723e-01   9.8092134368724288e+01 #xyz tv2
           7.6195922060000001e+01  -7.8832787000000015e-01   9.8096808159999995e+01 -1 146 #xyz tv3 fid bid
           7.3966827064945562e+01  -7.6504118673038723e-01   9.8092134368724288e+01 #xyz tv0
           7.3966797449691853e+01  -7.6462598926714742e-01   9.8092051035848627e+01 #xyz tv1
           7.1400700524389663e+01  -1.2231096248582323e+00   9.6994588566956381e+01 #xyz tv2
           7.4850402398157428e+01  -1.2553643185523052e-02   9.6302559036629177e+01 -1 146 #xyz tv3 fid bid
           7.3741995470845296e+01  -5.7332792014501499e-01   9.8613969197643712e+01 #xyz tv0
           7.4401560984083915e+01  -5.7224650241075259e-01   9.8613641153172708e+01 #xyz tv1
           7.3966797449691853e+01  -7.6462598926714742e-01   9.8092051035848627e+01 #xyz tv2
           7.3966827064945562e+01  -7.6504118673038723e-01   9.8092134368724288e+01 -1 146 #xyz tv3 fid bid
           7.3966827064945562e+01  -7.6504118673038723e-01   9.8092134368724288e+01 #xyz tv0
           7.1400700524389663e+01  -1.2231096248582323e+00   9.6994588566956381e+01 #xyz tv1
           7.3966797449691853e+01  -7.6462598926714742e-01   9.8092051035848627e+01 #xyz tv2
           7.2190196368469941e+01  -7.4573279443524931e-01   9.8088335472837016e+01 -1 146 #xyz tv3 fid bid
           7.3059160474624591e+01  -5.5517201113570092e-01   9.8608461663064105e+01 #xyz tv0
           7.3741995470845296e+01  -5.7332792014501499e-01   9.8613969197643712e+01 #xyz tv1
           7.3966797449691853e+01  -7.6462598926714742e-01   9.8092051035848627e+01 #xyz tv2
           7.3966827064945562e+01  -7.6504118673038723e-01   9.8092134368724288e+01 -1 146 #xyz tv3 fid bid
           7.3059160474624591e+01  -5.5517201113570092e-01   9.8608461663064105e+01 #xyz tv0
           7.3966797449691853e+01  -7.6462598926714742e-01   9.8092051035848627e+01 #xyz tv1
           7.2190196368469941e+01  -7.4573279443524931e-01   9.8088335472837016e+01 #xyz tv2
           7.3966827064945562e+01  -7.6504118673038723e-01   9.8092134368724288e+01 -1 146 #xyz tv3 fid bid
           7.3966827064945562e+01  -7.6504118673038723e-01   9.8092134368724288e+01 #xyz tv0
           7.3966797449691853e+01  -7.6462598926714742e-01   9.8092051035848627e+01 #xyz tv1
           7.6195922060000001e+01  -7.8832787000000015e-01   9.8096808159999995e+01 79 -1 #xyz tv2 fid bid
           7.3966797449691853e+01  -7.6462598926714742e-01   9.8092051035848627e+01 #xyz tv0
           7.3966827064945562e+01  -7.6504118673038723e-01   9.8092134368724288e+01 #xyz tv1
           7.2190196368469941e+01  -7.4573279443524931e-01   9.8088335472837016e+01 79 -1 #xyz tv2 fid bid
           7.3966827064945562e+01  -7.6504118673038723e-01   9.8092134368724288e+01 #xyz ev0
           7.3966797449691853e+01  -7.6462598926714742e-01   9.8092051035848627e+01 -1 146 #xyz ev1 fid bid
   0   0.000000000000e+00   0.000000000000e+00   0.000000000000e+00 #flag location
END_ERR 
BEGIN_ERR 
26 Small mesh segment detected on body : RadiatingSurface
 Small mesh segment detected on body : RadiatingSurface 
 Segment Statistics - Number of Segments : 1 --- Segment length(s) : 0.000834mm. The cutoff frequency for S-Matrix Only Solve is 3.59567480557038MHz 
2 -1  32  # nfids, fids[]
2 146  -1  # nbids, bids[]
      4 2 1 0 #ntets ntri ned npts
          -7.8768851838718220e+01   5.5952024573846670e-01   1.0001457690954706e+02 #xyz tv0
          -7.8658594344994441e+01   5.5960297215264210e-01   1.0001206598808118e+02 #xyz tv1
          -7.8769578177999676e+01   5.5950688794927039e-01   1.0001498606247991e+02 #xyz tv2
          -7.8932000896736596e+01   8.5186787734932468e-01   9.9758742966832770e+01 -1 146 #xyz tv3 fid bid
          -7.8672736577628385e+01   2.1442165978214223e-01   1.0051732321595678e+02 #xyz tv0
          -7.8658594344994441e+01   5.5960297215264210e-01   1.0001206598808118e+02 #xyz tv1
          -7.8769578177999676e+01   5.5950688794927039e-01   1.0001498606247991e+02 #xyz tv2
          -7.8768851838718220e+01   5.5952024573846670e-01   1.0001457690954706e+02 -1 146 #xyz tv3 fid bid
          -7.8768851838718220e+01   5.5952024573846670e-01   1.0001457690954706e+02 #xyz tv0
          -7.8928263978555549e+01   5.5936950578900491e-01   1.0001916121422141e+02 #xyz tv1
          -7.8932000896736596e+01   8.5186787734932468e-01   9.9758742966832770e+01 #xyz tv2
          -7.8769578177999676e+01   5.5950688794927039e-01   1.0001498606247991e+02 -1 146 #xyz tv3 fid bid
          -7.8768851838718220e+01   5.5952024573846670e-01   1.0001457690954706e+02 #xyz tv0
          -7.8672736577628385e+01   2.1442165978214223e-01   1.0051732321595678e+02 #xyz tv1
          -7.8928263978555549e+01   5.5936950578900491e-01   1.0001916121422141e+02 #xyz tv2
          -7.8769578177999676e+01   5.5950688794927039e-01   1.0001498606247991e+02 -1 146 #xyz tv3 fid bid
          -7.8768851838718220e+01   5.5952024573846670e-01   1.0001457690954706e+02 #xyz tv0
          -7.8769578177999676e+01   5.5950688794927039e-01   1.0001498606247991e+02 #xyz tv1
          -7.8658594344994441e+01   5.5960297215264210e-01   1.0001206598808118e+02 32 -1 #xyz tv2 fid bid
          -7.8768851838718220e+01   5.5952024573846670e-01   1.0001457690954706e+02 #xyz tv0
          -7.8928263978555549e+01   5.5936950578900491e-01   1.0001916121422141e+02 #xyz tv1
          -7.8769578177999676e+01   5.5950688794927039e-01   1.0001498606247991e+02 32 -1 #xyz tv2 fid bid
          -7.8768851838718220e+01   5.5952024573846670e-01   1.0001457690954706e+02 #xyz ev0
          -7.8769578177999676e+01   5.5950688794927039e-01   1.0001498606247991e+02 -1 146 #xyz ev1 fid bid
   0   0.000000000000e+00   0.000000000000e+00   0.000000000000e+00 #flag location
END_ERR 
BEGIN_ERR 
26 Small mesh segment detected on body : DielectricCoaxFinal
 Small mesh segment detected on body : DielectricCoaxFinal 
 Segment Statistics - Number of Segments : 1 --- Segment length(s) : 0.001308mm. The cutoff frequency for S-Matrix Only Solve is 2.29179866996583MHz 
3 -1  32  63  # nfids, fids[]
2 48  -1  # nbids, bids[]
      9 4 1 0 #ntets ntri ned npts
           6.6726238194684214e+01  -1.6142985955813958e-02   9.9441589944906468e+01 #xyz tv0
           6.5824748741756366e+01   1.9705507665528699e-01   9.9477498967813844e+01 #xyz tv1
           6.6702735650631695e+01  -4.3849330412714334e-02   9.8504318782223891e+01 #xyz tv2
           6.5825809173654378e+01   1.9781061845505413e-01   9.9477624635419801e+01 -1 48 #xyz tv3 fid bid
           6.5823477372667881e+01   5.2863639615960567e-01   9.8600412172564958e+01 #xyz tv0
           6.5824748741756366e+01   1.9705507665528699e-01   9.9477498967813844e+01 #xyz tv1
           6.5825809173654378e+01   1.9781061845505413e-01   9.9477624635419801e+01 #xyz tv2
           6.6702735650631695e+01  -4.3849330412714334e-02   9.8504318782223891e+01 -1 48 #xyz tv3 fid bid
           6.5824748741756366e+01   1.9705507665528699e-01   9.9477498967813844e+01 #xyz tv0
           6.6321761298718329e+01  -1.9823289156375934e-01   9.9477752730573840e+01 #xyz tv1
           6.5825809173654378e+01   1.9781061845505413e-01   9.9477624635419801e+01 #xyz tv2
           6.6726238194684214e+01  -1.6142985955813958e-02   9.9441589944906468e+01 -1 48 #xyz tv3 fid bid
           6.5823477372667881e+01   5.2863639615960567e-01   9.8600412172564958e+01 #xyz tv0
           6.5825809173654378e+01   1.9781061845505413e-01   9.9477624635419801e+01 #xyz tv1
           6.5824748741756366e+01   1.9705507665528699e-01   9.9477498967813844e+01 #xyz tv2
           6.5280793069864600e+01   1.9682458674130679e-01   9.9477325525953304e+01 -1 48 #xyz tv3 fid bid
           6.6321761298718329e+01  -1.9823289156375934e-01   9.9477752730573840e+01 #xyz tv0
           6.6212680892157934e+01  -3.9597980000000021e-01   9.9604020200000008e+01 #xyz tv1
           6.5824748741756366e+01   1.9705507665528699e-01   9.9477498967813844e+01 #xyz tv2
           6.5825809173654378e+01   1.9781061845505413e-01   9.9477624635419801e+01 -1 48 #xyz tv3 fid bid
           6.5280793069864600e+01   1.9682458674130679e-01   9.9477325525953304e+01 #xyz tv0
           6.5824748741756366e+01   1.9705507665528699e-01   9.9477498967813844e+01 #xyz tv1
           6.5395978640541728e+01   3.3574403291590488e-01   9.9563771948474056e+01 #xyz tv2
           6.5825809173654378e+01   1.9781061845505413e-01   9.9477624635419801e+01 -1 48 #xyz tv3 fid bid
           6.6212680892157934e+01  -3.9597980000000021e-01   9.9604020200000008e+01 #xyz tv0
           6.5768849026154243e+01   3.6690695213410668e-01   9.9584594344729510e+01 #xyz tv1
           6.5824748741756366e+01   1.9705507665528699e-01   9.9477498967813844e+01 #xyz tv2
           6.5825809173654378e+01   1.9781061845505413e-01   9.9477624635419801e+01 -1 48 #xyz tv3 fid bid
           6.5434368356642310e+01   3.8204391291077211e-01   9.9592583314333268e+01 #xyz tv0
           6.5824748741756366e+01   1.9705507665528699e-01   9.9477498967813844e+01 #xyz tv1
           6.5768849026154243e+01   3.6690695213410668e-01   9.9584594344729510e+01 #xyz tv2
           6.5825809173654378e+01   1.9781061845505413e-01   9.9477624635419801e+01 -1 48 #xyz tv3 fid bid
           6.5395978640541728e+01   3.3574403291590488e-01   9.9563771948474056e+01 #xyz tv0
           6.5824748741756366e+01   1.9705507665528699e-01   9.9477498967813844e+01 #xyz tv1
           6.5434368356642310e+01   3.8204391291077211e-01   9.9592583314333268e+01 #xyz tv2
           6.5825809173654378e+01   1.9781061845505413e-01   9.9477624635419801e+01 -1 48 #xyz tv3 fid bid
           6.5824748741756366e+01   1.9705507665528699e-01   9.9477498967813844e+01 #xyz tv0
           6.5825809173654378e+01   1.9781061845505413e-01   9.9477624635419801e+01 #xyz tv1
           6.6726238194684214e+01  -1.6142985955813958e-02   9.9441589944906468e+01 32 -1 #xyz tv2 fid bid
           6.5824748741756366e+01   1.9705507665528699e-01   9.9477498967813844e+01 #xyz tv0
           6.5825809173654378e+01   1.9781061845505413e-01   9.9477624635419801e+01 #xyz tv1
           6.6726238194684214e+01  -1.6142985955813958e-02   9.9441589944906468e+01 63 -1 #xyz tv2 fid bid
           6.5824748741756366e+01   1.9705507665528699e-01   9.9477498967813844e+01 #xyz tv0
           6.5280793069864600e+01   1.9682458674130679e-01   9.9477325525953304e+01 #xyz tv1
           6.5825809173654378e+01   1.9781061845505413e-01   9.9477624635419801e+01 32 -1 #xyz tv2 fid bid
           6.5824748741756366e+01   1.9705507665528699e-01   9.9477498967813844e+01 #xyz tv0
           6.5280793069864600e+01   1.9682458674130679e-01   9.9477325525953304e+01 #xyz tv1
           6.5825809173654378e+01   1.9781061845505413e-01   9.9477624635419801e+01 63 -1 #xyz tv2 fid bid
           6.5824748741756366e+01   1.9705507665528699e-01   9.9477498967813844e+01 #xyz ev0
           6.5825809173654378e+01   1.9781061845505413e-01   9.9477624635419801e+01 -1 48 #xyz ev1 fid bid
   0   0.000000000000e+00   0.000000000000e+00   0.000000000000e+00 #flag location
END_ERR 
BEGIN_ERR 
26 Small mesh segment detected on body : OutterCoaxFinal
 Small mesh segment detected on body : OutterCoaxFinal 
 Segment Statistics - Number of Segments : 1 --- Segment length(s) : 0.001330mm. The cutoff frequency for S-Matrix Only Solve is 2.25455500503883MHz 
1 -1  # nfids, fids[]
1 72  # nbids, bids[]
      4 0 1 0 #ntets ntri ned npts
           7.8085546875000006e+01   1.3699218750000006e+00   1.0115273437500001e+02 #xyz tv0
           7.8200000000000017e+01   1.7246166425199312e+00   1.0110234593385823e+02 #xyz tv1
           7.8198779387207352e+01   1.7250333243331757e+00   1.0110266940447626e+02 #xyz tv2
           7.8200000000000017e+01   1.6690104166666675e+00   1.0085364583333333e+02 -1 72 #xyz tv3 fid bid
           7.8085546875000006e+01   1.3699218750000006e+00   1.0115273437500001e+02 #xyz tv0
           7.8198779387207352e+01   1.7250333243331757e+00   1.0110266940447626e+02 #xyz tv1
           7.8200000000000017e+01   1.7246166425199312e+00   1.0110234593385823e+02 #xyz tv2
           7.8192392481095823e+01   1.5535888055478946e+00   1.0132569513059485e+02 -1 72 #xyz tv3 fid bid
           7.8200000000000017e+01   1.7246166425199312e+00   1.0110234593385823e+02 #xyz tv0
           7.8200000000000017e+01   1.7775054800000010e+00   1.0104118887000001e+02 #xyz tv1
           7.8198779387207352e+01   1.7250333243331757e+00   1.0110266940447626e+02 #xyz tv2
           7.8200000000000017e+01   1.6690104166666675e+00   1.0085364583333333e+02 -1 72 #xyz tv3 fid bid
           7.8200000000000017e+01   1.7246166425199312e+00   1.0110234593385823e+02 #xyz tv0
           7.8192392481095823e+01   1.5535888055478946e+00   1.0132569513059485e+02 #xyz tv1
           7.8198779387207352e+01   1.7250333243331757e+00   1.0110266940447626e+02 #xyz tv2
           7.8200000000000017e+01   1.7775054800000010e+00   1.0104118887000001e+02 -1 72 #xyz tv3 fid bid
           7.8198779387207352e+01   1.7250333243331757e+00   1.0110266940447626e+02 #xyz ev0
           7.8200000000000017e+01   1.7246166425199312e+00   1.0110234593385823e+02 -1 72 #xyz ev1 fid bid
   0   0.000000000000e+00   0.000000000000e+00   0.000000000000e+00 #flag location
END_ERR 
BEGIN_ERR 
26 Small mesh segment detected on body : OutterCoaxFinal
 Small mesh segment detected on body : OutterCoaxFinal 
 Segment Statistics - Number of Segments : 1 --- Segment length(s) : 0.001393mm. The cutoff frequency for S-Matrix Only Solve is 2.15265050885919MHz 
1 -1  # nfids, fids[]
1 72  # nbids, bids[]
      5 0 1 0 #ntets ntri ned npts
          -7.8200000000000017e+01  -1.7221186312234895e+00   1.0110523446466462e+02 #xyz tv0
          -7.8200000000000017e+01  -1.7887811763035242e+00   1.0101060832318657e+02 #xyz tv1
          -7.8198721324420760e+01  -1.7225372997161019e+00   1.0110559394465520e+02 #xyz tv2
          -7.8200000000000017e+01  -1.3858193000000001e+00   1.0057402515000001e+02 -1 72 #xyz tv3 fid bid
          -7.8200000000000017e+01  -1.7221186312234895e+00   1.0110523446466462e+02 #xyz tv0
          -7.8200000000000017e+01  -1.7775054800000010e+00   1.0104118887000001e+02 #xyz tv1
          -7.8198721324420760e+01  -1.7225372997161019e+00   1.0110559394465520e+02 #xyz tv2
          -7.8200000000000017e+01  -1.7887811763035242e+00   1.0101060832318657e+02 -1 72 #xyz tv3 fid bid
          -7.8200000000000017e+01  -1.7221186312234895e+00   1.0110523446466462e+02 #xyz tv0
          -7.8200000000000017e+01  -1.0606601700000005e+00   1.0106066017000001e+02 #xyz tv1
          -7.8200000000000017e+01  -1.3858193000000001e+00   1.0057402515000001e+02 #xyz tv2
          -7.8198721324420760e+01  -1.7225372997161019e+00   1.0110559394465520e+02 -1 72 #xyz tv3 fid bid
          -7.8200000000000017e+01  -1.7221186312234895e+00   1.0110523446466462e+02 #xyz tv0
          -7.8192392481095823e+01  -1.5535888055478944e+00   1.0132569513059485e+02 #xyz tv1
          -7.8198721324420760e+01  -1.7225372997161019e+00   1.0110559394465520e+02 #xyz tv2
          -7.8200000000000017e+01  -1.7775054800000010e+00   1.0104118887000001e+02 -1 72 #xyz tv3 fid bid
          -7.8200000000000017e+01  -1.0606601700000005e+00   1.0106066017000001e+02 #xyz tv0
          -7.8200000000000017e+01  -1.7221186312234895e+00   1.0110523446466462e+02 #xyz tv1
          -7.8192392481095823e+01  -1.5535888055478944e+00   1.0132569513059485e+02 #xyz tv2
          -7.8198721324420760e+01  -1.7225372997161019e+00   1.0110559394465520e+02 -1 72 #xyz tv3 fid bid
          -7.8198721324420760e+01  -1.7225372997161019e+00   1.0110559394465520e+02 #xyz ev0
          -7.8200000000000017e+01  -1.7221186312234895e+00   1.0110523446466462e+02 -1 72 #xyz ev1 fid bid
   0   0.000000000000e+00   0.000000000000e+00   0.000000000000e+00 #flag location
END_ERR 
BEGIN_ERR 
26 Small mesh segment detected on body : OutterCoaxFinal
 Small mesh segment detected on body : OutterCoaxFinal 
 Segment Statistics - Number of Segments : 1 --- Segment length(s) : 0.001738mm. The cutoff frequency for S-Matrix Only Solve is 1.72443604642879MHz 
4 -1  14  24  79  # nfids, fids[]
2 72  -1  # nbids, bids[]
      4 6 1 0 #ntets ntri ned npts
          -7.8196773413361157e+01  -6.7515643473539022e-01   9.8058435753310334e+01 #xyz tv0
          -7.7889843750000011e+01  -5.7402514999999998e-01   9.8614180700000020e+01 #xyz tv1
          -7.8198449821400331e+01  -6.7489799822966001e-01   9.8058054657766931e+01 #xyz tv2
          -7.8198961370000035e+01  -4.0303899000000004e-01   9.7979811999999995e+01 -1 72 #xyz tv3 fid bid
          -7.8177368360986023e+01  -1.1825508204407917e+00   9.7818312758580674e+01 #xyz tv0
          -7.8198961370000035e+01  -4.0303899000000004e-01   9.7979811999999995e+01 #xyz tv1
          -7.8196773413361157e+01  -6.7515643473539022e-01   9.8058435753310334e+01 #xyz tv2
          -7.8198449821400331e+01  -6.7489799822966001e-01   9.8058054657766931e+01 -1 72 #xyz tv3 fid bid
          -7.8196773413361157e+01  -6.7515643473539022e-01   9.8058435753310334e+01 #xyz tv0
          -7.8198449821400331e+01  -6.7489799822966001e-01   9.8058054657766931e+01 #xyz tv1
          -7.7889843750000011e+01  -5.7402514999999998e-01   9.8614180700000020e+01 #xyz tv2
          -7.8196026360000005e+01  -7.8832787000000015e-01   9.8096808159999995e+01 -1 72 #xyz tv3 fid bid
          -7.8177368360986023e+01  -1.1825508204407917e+00   9.7818312758580674e+01 #xyz tv0
          -7.8196773413361157e+01  -6.7515643473539022e-01   9.8058435753310334e+01 #xyz tv1
          -7.8196026360000005e+01  -7.8832787000000015e-01   9.8096808159999995e+01 #xyz tv2
          -7.8198449821400331e+01  -6.7489799822966001e-01   9.8058054657766931e+01 -1 72 #xyz tv3 fid bid
          -7.8196773413361157e+01  -6.7515643473539022e-01   9.8058435753310334e+01 #xyz tv0
          -7.8198449821400331e+01  -6.7489799822966001e-01   9.8058054657766931e+01 #xyz tv1
          -7.8196026360000005e+01  -7.8832787000000015e-01   9.8096808159999995e+01 14 -1 #xyz tv2 fid bid
          -7.8196773413361157e+01  -6.7515643473539022e-01   9.8058435753310334e+01 #xyz tv0
          -7.8198449821400331e+01  -6.7489799822966001e-01   9.8058054657766931e+01 #xyz tv1
          -7.8196026360000005e+01  -7.8832787000000015e-01   9.8096808159999995e+01 24 -1 #xyz tv2 fid bid
          -7.8196773413361157e+01  -6.7515643473539022e-01   9.8058435753310334e+01 #xyz tv0
          -7.8198449821400331e+01  -6.7489799822966001e-01   9.8058054657766931e+01 #xyz tv1
          -7.8196026360000005e+01  -7.8832787000000015e-01   9.8096808159999995e+01 79 -1 #xyz tv2 fid bid
          -7.8198449821400331e+01  -6.7489799822966001e-01   9.8058054657766931e+01 #xyz tv0
          -7.8196773413361157e+01  -6.7515643473539022e-01   9.8058435753310334e+01 #xyz tv1
          -7.8198961370000035e+01  -4.0303899000000004e-01   9.7979811999999995e+01 14 -1 #xyz tv2 fid bid
          -7.8198449821400331e+01  -6.7489799822966001e-01   9.8058054657766931e+01 #xyz tv0
          -7.8196773413361157e+01  -6.7515643473539022e-01   9.8058435753310334e+01 #xyz tv1
          -7.8198961370000035e+01  -4.0303899000000004e-01   9.7979811999999995e+01 24 -1 #xyz tv2 fid bid
          -7.8198449821400331e+01  -6.7489799822966001e-01   9.8058054657766931e+01 #xyz tv0
          -7.8196773413361157e+01  -6.7515643473539022e-01   9.8058435753310334e+01 #xyz tv1
          -7.8198961370000035e+01  -4.0303899000000004e-01   9.7979811999999995e+01 79 -1 #xyz tv2 fid bid
          -7.8196773413361157e+01  -6.7515643473539022e-01   9.8058435753310334e+01 #xyz ev0
          -7.8198449821400331e+01  -6.7489799822966001e-01   9.8058054657766931e+01 -1 72 #xyz ev1 fid bid
   0   0.000000000000e+00   0.000000000000e+00   0.000000000000e+00 #flag location
END_ERR 
BEGIN_ERR 
26 Small mesh segment detected on body : RadiatingSurface
 Small mesh segment detected on body : RadiatingSurface 
 Segment Statistics - Number of Segments : 1 --- Segment length(s) : 0.001845mm. The cutoff frequency for S-Matrix Only Solve is 1.62465803301237MHz 
2 -1  217  # nfids, fids[]
2 146  -1  # nbids, bids[]
      5 2 1 0 #ntets ntri ned npts
          -2.4020937542070473e+00  -2.6271659023614262e+00   1.0572609751099217e+01 #xyz tv0
          -1.4566399700000001e+00  -1.4566399700000001e+00   8.1562880193233429e+00 #xyz tv1
          -1.4566399700000001e+00  -1.4566399700000001e+00   8.1581332843077785e+00 #xyz tv2
          -1.4778366839632058e+00  -1.4308116990291304e+00   8.1321908879539944e+00 -1 146 #xyz tv3 fid bid
          -2.4020937542070473e+00  -2.6271659023614262e+00   1.0572609751099217e+01 #xyz tv0
          -1.4566399700000001e+00  -1.4566399700000001e+00   8.1581332843077785e+00 #xyz tv1
          -1.4566399700000001e+00  -1.4566399700000001e+00   8.1562880193233429e+00 #xyz tv2
          -7.8281250000000047e-01  -2.3484374999999988e+00   8.9765625000000071e+00 -1 146 #xyz tv3 fid bid
          -1.0606601700000005e+00  -1.0606601700000005e+00   8.0686902135543139e+00 #xyz tv0
          -1.4778366839632058e+00  -1.4308116990291304e+00   8.1321908879539944e+00 #xyz tv1
          -1.4566399700000001e+00  -1.4566399700000001e+00   8.1581332843077785e+00 #xyz tv2
          -1.4566399700000001e+00  -1.4566399700000001e+00   8.1562880193233429e+00 -1 146 #xyz tv3 fid bid
          -7.8832787000000015e-01  -1.9031918400000003e+00   8.6063407064361392e+00 #xyz tv0
          -1.4566399700000001e+00  -1.4566399700000001e+00   8.1581332843077785e+00 #xyz tv1
          -7.8281250000000047e-01  -2.3484374999999988e+00   8.9765625000000071e+00 #xyz tv2
          -1.4566399700000001e+00  -1.4566399700000001e+00   8.1562880193233429e+00 -1 146 #xyz tv3 fid bid
          -1.0606601700000005e+00  -1.0606601700000005e+00   8.0686902135543139e+00 #xyz tv0
          -1.4566399700000001e+00  -1.4566399700000001e+00   8.1581332843077785e+00 #xyz tv1
          -7.8832787000000015e-01  -1.9031918400000003e+00   8.6063407064361392e+00 #xyz tv2
          -1.4566399700000001e+00  -1.4566399700000001e+00   8.1562880193233429e+00 -1 146 #xyz tv3 fid bid
          -7.8832787000000015e-01  -1.9031918400000003e+00   8.6063407064361392e+00 #xyz tv0
          -1.4566399700000001e+00  -1.4566399700000001e+00   8.1581332843077785e+00 #xyz tv1
          -1.4566399700000001e+00  -1.4566399700000001e+00   8.1562880193233429e+00 217 -1 #xyz tv2 fid bid
          -1.4566399700000001e+00  -1.4566399700000001e+00   8.1581332843077785e+00 #xyz tv0
          -1.4778366839632058e+00  -1.4308116990291304e+00   8.1321908879539944e+00 #xyz tv1
          -1.4566399700000001e+00  -1.4566399700000001e+00   8.1562880193233429e+00 217 -1 #xyz tv2 fid bid
          -1.4566399700000001e+00  -1.4566399700000001e+00   8.1581332843077785e+00 #xyz ev0
          -1.4566399700000001e+00  -1.4566399700000001e+00   8.1562880193233429e+00 -1 146 #xyz ev1 fid bid
   0   0.000000000000e+00   0.000000000000e+00   0.000000000000e+00 #flag location
END_ERR 
BEGIN_ERR 
26 Small mesh segment detected on body : DielectricCoaxFinal
 Small mesh segment detected on body : DielectricCoaxFinal 
 Segment Statistics - Number of Segments : 1 --- Segment length(s) : 0.002240mm. The cutoff frequency for S-Matrix Only Solve is 1.3386275752715MHz 
3 -1  32  63  # nfids, fids[]
2 48  -1  # nbids, bids[]
      5 4 1 0 #ntets ntri ned npts
           4.0677791556669348e+01  -5.7402514999999998e-01   9.8614180700000020e+01 #xyz tv0
           4.0271666076540185e+01   1.0814097749810886e-01   9.9461510577153021e+01 #xyz tv1
           4.0692715322659332e+01   1.1077473022446038e-01   9.9462034463126074e+01 #xyz tv2
           4.0691042031029447e+01   1.0931481450820547e-01   9.9461744067844108e+01 -1 48 #xyz tv3 fid bid
           4.0692715322659332e+01   1.1077473022446038e-01   9.9462034463126074e+01 #xyz tv0
           4.0436560724880309e+01  -5.3131194477042086e-02   9.9445232964475437e+01 #xyz tv1
           4.0691042031029447e+01   1.0931481450820547e-01   9.9461744067844108e+01 #xyz tv2
           4.0271666076540185e+01   1.0814097749810886e-01   9.9461510577153021e+01 -1 48 #xyz tv3 fid bid
           4.0677791556669348e+01  -5.7402514999999998e-01   9.8614180700000020e+01 #xyz tv0
           4.0692715322659332e+01   1.1077473022446038e-01   9.9462034463126074e+01 #xyz tv1
           4.0881398572233479e+01   1.0876004596438152e-01   9.9461633717523256e+01 #xyz tv2
           4.0691042031029447e+01   1.0931481450820547e-01   9.9461744067844108e+01 -1 48 #xyz tv3 fid bid
           4.1051764079899961e+01   3.5542609801253189e-01   9.9570738640668836e+01 #xyz tv0
           4.0691042031029447e+01   1.0931481450820547e-01   9.9461744067844108e+01 #xyz tv1
           4.0692715322659332e+01   1.1077473022446038e-01   9.9462034463126074e+01 #xyz tv2
           4.0436560724880309e+01  -5.3131194477042086e-02   9.9445232964475437e+01 -1 48 #xyz tv3 fid bid
           4.1051764079899961e+01   3.5542609801253189e-01   9.9570738640668836e+01 #xyz tv0
           4.0691042031029447e+01   1.0931481450820547e-01   9.9461744067844108e+01 #xyz tv1
           4.0881398572233479e+01   1.0876004596438152e-01   9.9461633717523256e+01 #xyz tv2
           4.0692715322659332e+01   1.1077473022446038e-01   9.9462034463126074e+01 -1 48 #xyz tv3 fid bid
           4.0692715322659332e+01   1.1077473022446038e-01   9.9462034463126074e+01 #xyz tv0
           4.0881398572233479e+01   1.0876004596438152e-01   9.9461633717523256e+01 #xyz tv1
           4.0691042031029447e+01   1.0931481450820547e-01   9.9461744067844108e+01 32 -1 #xyz tv2 fid bid
           4.0692715322659332e+01   1.1077473022446038e-01   9.9462034463126074e+01 #xyz tv0
           4.0881398572233479e+01   1.0876004596438152e-01   9.9461633717523256e+01 #xyz tv1
           4.0691042031029447e+01   1.0931481450820547e-01   9.9461744067844108e+01 63 -1 #xyz tv2 fid bid
           4.0692715322659332e+01   1.1077473022446038e-01   9.9462034463126074e+01 #xyz tv0
           4.0691042031029447e+01   1.0931481450820547e-01   9.9461744067844108e+01 #xyz tv1
           4.0271666076540185e+01   1.0814097749810886e-01   9.9461510577153021e+01 32 -1 #xyz tv2 fid bid
           4.0692715322659332e+01   1.1077473022446038e-01   9.9462034463126074e+01 #xyz tv0
           4.0691042031029447e+01   1.0931481450820547e-01   9.9461744067844108e+01 #xyz tv1
           4.0271666076540185e+01   1.0814097749810886e-01   9.9461510577153021e+01 63 -1 #xyz tv2 fid bid
           4.0691042031029447e+01   1.0931481450820547e-01   9.9461744067844108e+01 #xyz ev0
           4.0692715322659332e+01   1.1077473022446038e-01   9.9462034463126074e+01 -1 48 #xyz ev1 fid bid
   0   0.000000000000e+00   0.000000000000e+00   0.000000000000e+00 #flag location
END_ERR 
G3dErrFileVersion 2018P3.1
FlagFileMetaData Begin
   Mesh Size - Setup1, Refinement, Pass #1, Freq. 9.150000e+08 :Title    
   Listing of mesh elements with poor quality. :ToolTip  
   hf3d :Author   
   1738005244 :TimeStamp
FlagFileMetaData End
BEGIN_ERR 
26 Small mesh segment detected on body : RadiatingSurface
 Small mesh segment detected on body : RadiatingSurface 
 Segment Statistics - Number of Segments : 1 --- Segment length(s) : 0.000425mm. The cutoff frequency for S-Matrix Only Solve is 7.06205051741431MHz 
2 -1  79  # nfids, fids[]
2 146  -1  # nbids, bids[]
      8 2 1 0 #ntets ntri ned npts
           7.6187764390090379e+01  -4.7919308872302357e-01   9.7625087804284121e+01 #xyz tv0
           7.3966827064945562e+01  -7.6504118673038723e-01   9.8092134368724288e+01 #xyz tv1
           7.3966797449691853e+01  -7.6462598926714742e-01   9.8092051035848627e+01 #xyz tv2
           7.6195922060000001e+01  -7.8832787000000015e-01   9.8096808159999995e+01 -1 146 #xyz tv3 fid bid
           7.6187764390090379e+01  -4.7919308872302357e-01   9.7625087804284121e+01 #xyz tv0
           7.3966797449691853e+01  -7.6462598926714742e-01   9.8092051035848627e+01 #xyz tv1
           7.3966827064945562e+01  -7.6504118673038723e-01   9.8092134368724288e+01 #xyz tv2
           7.4850402398157428e+01  -1.2553643185523052e-02   9.6302559036629177e+01 -1 146 #xyz tv3 fid bid
           7.4401560984083915e+01  -5.7224650241075259e-01   9.8613641153172708e+01 #xyz tv0
           7.3966797449691853e+01  -7.6462598926714742e-01   9.8092051035848627e+01 #xyz tv1
           7.3966827064945562e+01  -7.6504118673038723e-01   9.8092134368724288e+01 #xyz tv2
           7.6195922060000001e+01  -7.8832787000000015e-01   9.8096808159999995e+01 -1 146 #xyz tv3 fid bid
           7.3966827064945562e+01  -7.6504118673038723e-01   9.8092134368724288e+01 #xyz tv0
           7.3966797449691853e+01  -7.6462598926714742e-01   9.8092051035848627e+01 #xyz tv1
           7.1400700524389663e+01  -1.2231096248582323e+00   9.6994588566956381e+01 #xyz tv2
           7.4850402398157428e+01  -1.2553643185523052e-02   9.6302559036629177e+01 -1 146 #xyz tv3 fid bid
           7.3741995470845296e+01  -5.7332792014501499e-01   9.8613969197643712e+01 #xyz tv0
           7.4401560984083915e+01  -5.7224650241075259e-01   9.8613641153172708e+01 #xyz tv1
           7.3966797449691853e+01  -7.6462598926714742e-01   9.8092051035848627e+01 #xyz tv2
           7.3966827064945562e+01  -7.6504118673038723e-01   9.8092134368724288e+01 -1 146 #xyz tv3 fid bid
           7.3966827064945562e+01  -7.6504118673038723e-01   9.8092134368724288e+01 #xyz tv0
           7.1400700524389663e+01  -1.2231096248582323e+00   9.6994588566956381e+01 #xyz tv1
           7.3966797449691853e+01  -7.6462598926714742e-01   9.8092051035848627e+01 #xyz tv2
           7.2190196368469941e+01  -7.4573279443524931e-01   9.8088335472837016e+01 -1 146 #xyz tv3 fid bid
           7.3059160474624591e+01  -5.5517201113570092e-01   9.8608461663064105e+01 #xyz tv0
           7.3741995470845296e+01  -5.7332792014501499e-01   9.8613969197643712e+01 #xyz tv1
           7.3966797449691853e+01  -7.6462598926714742e-01   9.8092051035848627e+01 #xyz tv2
           7.3966827064945562e+01  -7.6504118673038723e-01   9.8092134368724288e+01 -1 146 #xyz tv3 fid bid
           7.3059160474624591e+01  -5.5517201113570092e-01   9.8608461663064105e+01 #xyz tv0
           7.3966797449691853e+01  -7.6462598926714742e-01   9.8092051035848627e+01 #xyz tv1
           7.2190196368469941e+01  -7.4573279443524931e-01   9.8088335472837016e+01 #xyz tv2
           7.3966827064945562e+01  -7.6504118673038723e-01   9.8092134368724288e+01 -1 146 #xyz tv3 fid bid
           7.3966827064945562e+01  -7.6504118673038723e-01   9.8092134368724288e+01 #xyz tv0
           7.3966797449691853e+01  -7.6462598926714742e-01   9.8092051035848627e+01 #xyz tv1
           7.6195922060000001e+01  -7.8832787000000015e-01   9.8096808159999995e+01 79 -1 #xyz tv2 fid bid
           7.3966797449691853e+01  -7.6462598926714742e-01   9.8092051035848627e+01 #xyz tv0
           7.3966827064945562e+01  -7.6504118673038723e-01   9.8092134368724288e+01 #xyz tv1
           7.2190196368469941e+01  -7.4573279443524931e-01   9.8088335472837016e+01 79 -1 #xyz tv2 fid bid
           7.3966827064945562e+01  -7.6504118673038723e-01   9.8092134368724288e+01 #xyz ev0
           7.3966797449691853e+01  -7.6462598926714742e-01   9.8092051035848627e+01 -1 146 #xyz ev1 fid bid
   0   0.000000000000e+00   0.000000000000e+00   0.000000000000e+00 #flag location
END_ERR 
BEGIN_ERR 
26 Small mesh segment detected on body : RadiatingSurface
 Small mesh segment detected on body : RadiatingSurface 
 Segment Statistics - Number of Segments : 1 --- Segment length(s) : 0.000834mm. The cutoff frequency for S-Matrix Only Solve is 3.59567480557038MHz 
2 -1  32  # nfids, fids[]
2 146  -1  # nbids, bids[]
      4 2 1 0 #ntets ntri ned npts
          -7.8768851838718220e+01   5.5952024573846670e-01   1.0001457690954706e+02 #xyz tv0
          -7.8658594344994441e+01   5.5960297215264210e-01   1.0001206598808118e+02 #xyz tv1
          -7.8769578177999676e+01   5.5950688794927039e-01   1.0001498606247991e+02 #xyz tv2
          -7.8932000896736596e+01   8.5186787734932468e-01   9.9758742966832770e+01 -1 146 #xyz tv3 fid bid
          -7.8672736577628385e+01   2.1442165978214223e-01   1.0051732321595678e+02 #xyz tv0
          -7.8658594344994441e+01   5.5960297215264210e-01   1.0001206598808118e+02 #xyz tv1
          -7.8769578177999676e+01   5.5950688794927039e-01   1.0001498606247991e+02 #xyz tv2
          -7.8768851838718220e+01   5.5952024573846670e-01   1.0001457690954706e+02 -1 146 #xyz tv3 fid bid
          -7.8768851838718220e+01   5.5952024573846670e-01   1.0001457690954706e+02 #xyz tv0
          -7.8928263978555549e+01   5.5936950578900491e-01   1.0001916121422141e+02 #xyz tv1
          -7.8932000896736596e+01   8.5186787734932468e-01   9.9758742966832770e+01 #xyz tv2
          -7.8769578177999676e+01   5.5950688794927039e-01   1.0001498606247991e+02 -1 146 #xyz tv3 fid bid
          -7.8768851838718220e+01   5.5952024573846670e-01   1.0001457690954706e+02 #xyz tv0
          -7.8672736577628385e+01   2.1442165978214223e-01   1.0051732321595678e+02 #xyz tv1
          -7.8928263978555549e+01   5.5936950578900491e-01   1.0001916121422141e+02 #xyz tv2
          -7.8769578177999676e+01   5.5950688794927039e-01   1.0001498606247991e+02 -1 146 #xyz tv3 fid bid
          -7.8768851838718220e+01   5.5952024573846670e-01   1.0001457690954706e+02 #xyz tv0
          -7.8769578177999676e+01   5.5950688794927039e-01   1.0001498606247991e+02 #xyz tv1
          -7.8658594344994441e+01   5.5960297215264210e-01   1.0001206598808118e+02 32 -1 #xyz tv2 fid bid
          -7.8768851838718220e+01   5.5952024573846670e-01   1.0001457690954706e+02 #xyz tv0
          -7.8928263978555549e+01   5.5936950578900491e-01   1.0001916121422141e+02 #xyz tv1
          -7.8769578177999676e+01   5.5950688794927039e-01   1.0001498606247991e+02 32 -1 #xyz tv2 fid bid
          -7.8768851838718220e+01   5.5952024573846670e-01   1.0001457690954706e+02 #xyz ev0
          -7.8769578177999676e+01   5.5950688794927039e-01   1.0001498606247991e+02 -1 146 #xyz ev1 fid bid
   0   0.000000000000e+00   0.000000000000e+00   0.000000000000e+00 #flag location
END_ERR 
BEGIN_ERR 
26 Small mesh segment detected on body : DielectricCoaxFinal
 Small mesh segment detected on body : DielectricCoaxFinal 
 Segment Statistics - Number of Segments : 1 --- Segment length(s) : 0.001308mm. The cutoff frequency for S-Matrix Only Solve is 2.29179866996583MHz 
3 -1  32  63  # nfids, fids[]
2 48  -1  # nbids, bids[]
      9 4 1 0 #ntets ntri ned npts
           6.6726238194684214e+01  -1.6142985955813958e-02   9.9441589944906468e+01 #xyz tv0
           6.5824748741756366e+01   1.9705507665528699e-01   9.9477498967813844e+01 #xyz tv1
           6.6702735650631695e+01  -4.3849330412714334e-02   9.8504318782223891e+01 #xyz tv2
           6.5825809173654378e+01   1.9781061845505413e-01   9.9477624635419801e+01 -1 48 #xyz tv3 fid bid
           6.5823477372667881e+01   5.2863639615960567e-01   9.8600412172564958e+01 #xyz tv0
           6.5824748741756366e+01   1.9705507665528699e-01   9.9477498967813844e+01 #xyz tv1
           6.5825809173654378e+01   1.9781061845505413e-01   9.9477624635419801e+01 #xyz tv2
           6.6702735650631695e+01  -4.3849330412714334e-02   9.8504318782223891e+01 -1 48 #xyz tv3 fid bid
           6.5824748741756366e+01   1.9705507665528699e-01   9.9477498967813844e+01 #xyz tv0
           6.6321761298718329e+01  -1.9823289156375934e-01   9.9477752730573840e+01 #xyz tv1
           6.5825809173654378e+01   1.9781061845505413e-01   9.9477624635419801e+01 #xyz tv2
           6.6726238194684214e+01  -1.6142985955813958e-02   9.9441589944906468e+01 -1 48 #xyz tv3 fid bid
           6.5823477372667881e+01   5.2863639615960567e-01   9.8600412172564958e+01 #xyz tv0
           6.5825809173654378e+01   1.9781061845505413e-01   9.9477624635419801e+01 #xyz tv1
           6.5824748741756366e+01   1.9705507665528699e-01   9.9477498967813844e+01 #xyz tv2
           6.5280793069864600e+01   1.9682458674130679e-01   9.9477325525953304e+01 -1 48 #xyz tv3 fid bid
           6.6321761298718329e+01  -1.9823289156375934e-01   9.9477752730573840e+01 #xyz tv0
           6.6212680892157934e+01  -3.9597980000000021e-01   9.9604020200000008e+01 #xyz tv1
           6.5824748741756366e+01   1.9705507665528699e-01   9.9477498967813844e+01 #xyz tv2
           6.5825809173654378e+01   1.9781061845505413e-01   9.9477624635419801e+01 -1 48 #xyz tv3 fid bid
           6.5280793069864600e+01   1.9682458674130679e-01   9.9477325525953304e+01 #xyz tv0
           6.5824748741756366e+01   1.9705507665528699e-01   9.9477498967813844e+01 #xyz tv1
           6.5395978640541728e+01   3.3574403291590488e-01   9.9563771948474056e+01 #xyz tv2
           6.5825809173654378e+01   1.9781061845505413e-01   9.9477624635419801e+01 -1 48 #xyz tv3 fid bid
           6.6212680892157934e+01  -3.9597980000000021e-01   9.9604020200000008e+01 #xyz tv0
           6.5768849026154243e+01   3.6690695213410668e-01   9.9584594344729510e+01 #xyz tv1
           6.5824748741756366e+01   1.9705507665528699e-01   9.9477498967813844e+01 #xyz tv2
           6.5825809173654378e+01   1.9781061845505413e-01   9.9477624635419801e+01 -1 48 #xyz tv3 fid bid
           6.5434368356642310e+01   3.8204391291077211e-01   9.9592583314333268e+01 #xyz tv0
           6.5824748741756366e+01   1.9705507665528699e-01   9.9477498967813844e+01 #xyz tv1
           6.5768849026154243e+01   3.6690695213410668e-01   9.9584594344729510e+01 #xyz tv2
           6.5825809173654378e+01   1.9781061845505413e-01   9.9477624635419801e+01 -1 48 #xyz tv3 fid bid
           6.5395978640541728e+01   3.3574403291590488e-01   9.9563771948474056e+01 #xyz tv0
           6.5824748741756366e+01   1.9705507665528699e-01   9.9477498967813844e+01 #xyz tv1
           6.5434368356642310e+01   3.8204391291077211e-01   9.9592583314333268e+01 #xyz tv2
           6.5825809173654378e+01   1.9781061845505413e-01   9.9477624635419801e+01 -1 48 #xyz tv3 fid bid
           6.5824748741756366e+01   1.9705507665528699e-01   9.9477498967813844e+01 #xyz tv0
           6.5825809173654378e+01   1.9781061845505413e-01   9.9477624635419801e+01 #xyz tv1
           6.6726238194684214e+01  -1.6142985955813958e-02   9.9441589944906468e+01 32 -1 #xyz tv2 fid bid
           6.5824748741756366e+01   1.9705507665528699e-01   9.9477498967813844e+01 #xyz tv0
