G3dErrFileVersion 2018P3.1
FlagFileMetaData Begin
   Mesh Size - Setup1, Refinement, Pass #1, Freq. 8.150000e+08 :Title    
   Listing of mesh elements with poor quality. :ToolTip  
   hf3d :Author   
   1738006231 :TimeStamp
FlagFileMetaData End
BEGIN_ERR 
26 Small mesh segment detected on body : DielectricCoaxFinal
 Small mesh segment detected on body : DielectricCoaxFinal 
 Segment Statistics - Number of Segments : 1 --- Segment length(s) : 0.000213mm. The cutoff frequency for S-Matrix Only Solve is 14.0984997504458MHz 
3 -1  32  767  # nfids, fids[]
2 48  -1  # nbids, bids[]
      5 4 1 0 #ntets ntri ned npts
          -8.9099122447901546e+00   3.1991575017915075e-01   9.8537097459176920e+01 #xyz tv0
          -8.6571060426509359e+00   1.2021954799456668e-01   9.9454087640243898e+01 #xyz tv1
          -8.6677682168852019e+00   2.1430272000000000e-01   9.9482627460000003e+01 #xyz tv2
          -8.6568934014737131e+00   1.2021926031662697e-01   9.9454087552977754e+01 -1 48 #xyz tv3 fid bid
          -8.6677682168852019e+00   2.1430272000000000e-01   9.9482627460000003e+01 #xyz tv0
          -8.6571060426509359e+00   1.2021954799456668e-01   9.9454087640243898e+01 #xyz tv1
          -8.7192189712445849e+00   0.0000000000000000e+00   1.0056000000000006e+02 #xyz tv2
          -8.6568934014737131e+00   1.2021926031662697e-01   9.9454087552977754e+01 -1 48 #xyz tv3 fid bid
          -8.9099122447901546e+00   3.1991575017915075e-01   9.8537097459176920e+01 #xyz tv0
          -8.6571060426509359e+00   1.2021954799456668e-01   9.9454087640243898e+01 #xyz tv1
          -8.6568934014737131e+00   1.2021926031662697e-01   9.9454087552977754e+01 #xyz tv2
          -8.8781835455483336e+00   2.6438595670697884e-01   9.8526039744719569e+01 -1 48 #xyz tv3 fid bid
          -8.7192189712445849e+00   0.0000000000000000e+00   1.0056000000000006e+02 #xyz tv0
          -8.6568934014737131e+00   1.2021926031662697e-01   9.9454087552977754e+01 #xyz tv1
          -8.6571060426509359e+00   1.2021954799456668e-01   9.9454087640243898e+01 #xyz tv2
          -8.6099277092568602e+00   9.7909611399905297e-02   9.9449643252392576e+01 -1 48 #xyz tv3 fid bid
          -8.6099277092568602e+00   9.7909611399905297e-02   9.9449643252392576e+01 #xyz tv0
          -8.6571060426509359e+00   1.2021954799456668e-01   9.9454087640243898e+01 #xyz tv1
          -8.8781835455483336e+00   2.6438595670697884e-01   9.8526039744719569e+01 #xyz tv2
          -8.6568934014737131e+00   1.2021926031662697e-01   9.9454087552977754e+01 -1 48 #xyz tv3 fid bid
          -8.6099277092568602e+00   9.7909611399905297e-02   9.9449643252392576e+01 #xyz tv0
          -8.6571060426509359e+00   1.2021954799456668e-01   9.9454087640243898e+01 #xyz tv1
          -8.6568934014737131e+00   1.2021926031662697e-01   9.9454087552977754e+01 32 -1 #xyz tv2 fid bid
          -8.6099277092568602e+00   9.7909611399905297e-02   9.9449643252392576e+01 #xyz tv0
          -8.6571060426509359e+00   1.2021954799456668e-01   9.9454087640243898e+01 #xyz tv1
          -8.6568934014737131e+00   1.2021926031662697e-01   9.9454087552977754e+01 767 -1 #xyz tv2 fid bid
          -8.6571060426509359e+00   1.2021954799456668e-01   9.9454087640243898e+01 #xyz tv0
          -8.6677682168852019e+00   2.1430272000000000e-01   9.9482627460000003e+01 #xyz tv1
          -8.6568934014737131e+00   1.2021926031662697e-01   9.9454087552977754e+01 32 -1 #xyz tv2 fid bid
          -8.6571060426509359e+00   1.2021954799456668e-01   9.9454087640243898e+01 #xyz tv0
          -8.6677682168852019e+00   2.1430272000000000e-01   9.9482627460000003e+01 #xyz tv1
          -8.6568934014737131e+00   1.2021926031662697e-01   9.9454087552977754e+01 767 -1 #xyz tv2 fid bid
          -8.6571060426509359e+00   1.2021954799456668e-01   9.9454087640243898e+01 #xyz ev0
          -8.6568934014737131e+00   1.2021926031662697e-01   9.9454087552977754e+01 -1 48 #xyz ev1 fid bid
   0   0.000000000000e+00   0.000000000000e+00   0.000000000000e+00 #flag location
END_ERR 
BEGIN_ERR 
26 Small mesh segment detected on body : InnerCoaxFinal
 Small mesh segment detected on body : InnerCoaxFinal 
 Segment Statistics - Number of Segments : 1 --- Segment length(s) : 0.000717mm. The cutoff frequency for S-Matrix Only Solve is 4.18408774907458MHz 
1 -1  # nfids, fids[]
1 31  # nbids, bids[]
      6 0 1 0 #ntets ntri ned npts
          -7.2017346432559634e+01   0.0000000000000000e+00   1.0056000000000006e+02 #xyz tv0
          -7.1892815090944026e+01  -2.8951690398283919e-01   9.9532883969409681e+01 #xyz tv1
          -7.2005797891016897e+01   5.1737253999999999e-01   9.9785697280000051e+01 #xyz tv2
          -7.2018062938703821e+01   0.0000000000000000e+00   1.0056000000000006e+02 -1 31 #xyz tv3 fid bid
          -7.2017346432559634e+01   0.0000000000000000e+00   1.0056000000000006e+02 #xyz tv0
          -7.2005797891016897e+01   5.1737253999999999e-01   9.9785697280000051e+01 #xyz tv1
          -7.1974841811069226e+01   2.1430272000000000e-01   1.0051737254000000e+02 #xyz tv2
          -7.2018062938703821e+01   0.0000000000000000e+00   1.0056000000000006e+02 -1 31 #xyz tv3 fid bid
          -7.2017346432559634e+01   0.0000000000000000e+00   1.0056000000000006e+02 #xyz tv0
          -7.1897036796424501e+01  -3.8123900160510471e-01   9.9594170713719492e+01 #xyz tv1
          -7.1892815090944026e+01  -2.8951690398283919e-01   9.9532883969409681e+01 #xyz tv2
          -7.2018062938703821e+01   0.0000000000000000e+00   1.0056000000000006e+02 -1 31 #xyz tv3 fid bid
          -7.2018062938703821e+01   0.0000000000000000e+00   1.0056000000000006e+02 #xyz tv0
          -7.1974841811069226e+01   2.1430272000000000e-01   1.0051737254000000e+02 #xyz tv1
          -7.2017346432559634e+01   0.0000000000000000e+00   1.0056000000000006e+02 #xyz tv2
          -7.2018750000000026e+01   5.2041704279304213e-16   1.0056562500000004e+02 -1 31 #xyz tv3 fid bid
          -7.1897715273160031e+01  -3.9597980000000021e-01   9.9604020200000008e+01 #xyz tv0
          -7.2017346432559634e+01   0.0000000000000000e+00   1.0056000000000006e+02 #xyz tv1
          -7.2018062938703821e+01   0.0000000000000000e+00   1.0056000000000006e+02 #xyz tv2
          -7.1897036796424501e+01  -3.8123900160510471e-01   9.9594170713719492e+01 -1 31 #xyz tv3 fid bid
          -7.1897715273160031e+01  -3.9597980000000021e-01   9.9604020200000008e+01 #xyz tv0
          -7.2018062938703821e+01   0.0000000000000000e+00   1.0056000000000006e+02 #xyz tv1
          -7.2017346432559634e+01   0.0000000000000000e+00   1.0056000000000006e+02 #xyz tv2
          -7.2018750000000026e+01   5.2041704279304213e-16   1.0056562500000004e+02 -1 31 #xyz tv3 fid bid
          -7.2017346432559634e+01   0.0000000000000000e+00   1.0056000000000006e+02 #xyz ev0
          -7.2018062938703821e+01   0.0000000000000000e+00   1.0056000000000006e+02 -1 31 #xyz ev1 fid bid
   0   0.000000000000e+00   0.000000000000e+00   0.000000000000e+00 #flag location
END_ERR 
BEGIN_ERR 
26 Small mesh segment detected on body : DielectricCoaxFinal
 Small mesh segment detected on body : DielectricCoaxFinal 
 Segment Statistics - Number of Segments : 1 --- Segment length(s) : 0.000850mm. The cutoff frequency for S-Matrix Only Solve is 3.5257718974946MHz 
3 -1  32  767  # nfids, fids[]
2 48  -1  # nbids, bids[]
      6 4 1 0 #ntets ntri ned npts
          -6.5229104213610910e+01  -1.9638753466340020e-01   9.9477268144784574e+01 #xyz tv0
          -6.6184839803234937e+01   1.6904705327190218e-02   9.9441664967695814e+01 #xyz tv1
          -6.5229752545380222e+01  -1.9693035416948923e-01   9.9477357610153604e+01 #xyz tv2
          -6.5867531290388527e+01  -5.2879795627526482e-01   9.8600461181288424e+01 -1 48 #xyz tv3 fid bid
          -6.5229104213610910e+01  -1.9638753466340020e-01   9.9477268144784574e+01 #xyz tv0
          -6.5620174750081389e+01   0.0000000000000000e+00   1.0056000000000006e+02 #xyz tv1
          -6.5229752545380222e+01  -1.9693035416948923e-01   9.9477357610153604e+01 #xyz tv2
          -6.6184839803234937e+01   1.6904705327190218e-02   9.9441664967695814e+01 -1 48 #xyz tv3 fid bid
          -6.5229104213610910e+01  -1.9638753466340020e-01   9.9477268144784574e+01 #xyz tv0
          -6.5229752545380222e+01  -1.9693035416948923e-01   9.9477357610153604e+01 #xyz tv1
          -6.3991811649366291e+01   5.4188503162254063e-02   9.8505337101889424e+01 #xyz tv2
          -6.5867531290388527e+01  -5.2879795627526482e-01   9.8600461181288424e+01 -1 48 #xyz tv3 fid bid
          -6.5229104213610910e+01  -1.9638753466340020e-01   9.9477268144784574e+01 #xyz tv0
          -6.5229752545380222e+01  -1.9693035416948923e-01   9.9477357610153604e+01 #xyz tv1
          -6.5620174750081389e+01   0.0000000000000000e+00   1.0056000000000006e+02 #xyz tv2
          -6.4150658842681253e+01   0.0000000000000000e+00   1.0056000000000006e+02 -1 48 #xyz tv3 fid bid
          -6.5229104213610910e+01  -1.9638753466340020e-01   9.9477268144784574e+01 #xyz tv0
          -6.5229752545380222e+01  -1.9693035416948923e-01   9.9477357610153604e+01 #xyz tv1
          -6.3977009245394235e+01  -1.9506072402528626e-01   9.9476790464019103e+01 #xyz tv2
          -6.3991811649366291e+01   5.4188503162254063e-02   9.8505337101889424e+01 -1 48 #xyz tv3 fid bid
          -6.5229104213610910e+01  -1.9638753466340020e-01   9.9477268144784574e+01 #xyz tv0
          -6.3977009245394235e+01  -1.9506072402528626e-01   9.9476790464019103e+01 #xyz tv1
          -6.5229752545380222e+01  -1.9693035416948923e-01   9.9477357610153604e+01 #xyz tv2
          -6.4150658842681253e+01   0.0000000000000000e+00   1.0056000000000006e+02 -1 48 #xyz tv3 fid bid
          -6.5229104213610910e+01  -1.9638753466340020e-01   9.9477268144784574e+01 #xyz tv0
          -6.5229752545380222e+01  -1.9693035416948923e-01   9.9477357610153604e+01 #xyz tv1
          -6.6184839803234937e+01   1.6904705327190218e-02   9.9441664967695814e+01 32 -1 #xyz tv2 fid bid
          -6.5229104213610910e+01  -1.9638753466340020e-01   9.9477268144784574e+01 #xyz tv0
          -6.5229752545380222e+01  -1.9693035416948923e-01   9.9477357610153604e+01 #xyz tv1
          -6.6184839803234937e+01   1.6904705327190218e-02   9.9441664967695814e+01 767 -1 #xyz tv2 fid bid
          -6.5229104213610910e+01  -1.9638753466340020e-01   9.9477268144784574e+01 #xyz tv0
          -6.3977009245394235e+01  -1.9506072402528626e-01   9.9476790464019103e+01 #xyz tv1
          -6.5229752545380222e+01  -1.9693035416948923e-01   9.9477357610153604e+01 32 -1 #xyz tv2 fid bid
          -6.5229104213610910e+01  -1.9638753466340020e-01   9.9477268144784574e+01 #xyz tv0
          -6.3977009245394235e+01  -1.9506072402528626e-01   9.9476790464019103e+01 #xyz tv1
          -6.5229752545380222e+01  -1.9693035416948923e-01   9.9477357610153604e+01 767 -1 #xyz tv2 fid bid
          -6.5229104213610910e+01  -1.9638753466340020e-01   9.9477268144784574e+01 #xyz ev0
          -6.5229752545380222e+01  -1.9693035416948923e-01   9.9477357610153604e+01 -1 48 #xyz ev1 fid bid
   0   0.000000000000e+00   0.000000000000e+00   0.000000000000e+00 #flag location
END_ERR 
BEGIN_ERR 
26 Small mesh segment detected on body : InnerCoaxFinal
 Small mesh segment detected on body : InnerCoaxFinal 
 Segment Statistics - Number of Segments : 1 --- Segment length(s) : 0.000868mm. The cutoff frequency for S-Matrix Only Solve is 3.45533077353412MHz 
1 -1  # nfids, fids[]
1 31  # nbids, bids[]
      6 0 1 0 #ntets ntri ned npts
          -7.1897036796424501e+01  -3.8123900160510471e-01   9.9594170713719492e+01 #xyz tv0
          -7.2018930561740945e+01   0.0000000000000000e+00   1.0056000000000006e+02 #xyz tv1
          -7.1892815090944026e+01  -2.8951690398283919e-01   9.9532883969409681e+01 #xyz tv2
          -7.2018062938703821e+01   0.0000000000000000e+00   1.0056000000000006e+02 -1 31 #xyz tv3 fid bid
          -7.2005797891016897e+01   5.1737253999999999e-01   9.9785697280000051e+01 #xyz tv0
          -7.1892815090944026e+01  -2.8951690398283919e-01   9.9532883969409681e+01 #xyz tv1
          -7.2018930561740945e+01   0.0000000000000000e+00   1.0056000000000006e+02 #xyz tv2
          -7.2018062938703821e+01   0.0000000000000000e+00   1.0056000000000006e+02 -1 31 #xyz tv3 fid bid
          -7.1897715273160031e+01  -3.9597980000000021e-01   9.9604020200000008e+01 #xyz tv0
          -7.2018930561740945e+01   0.0000000000000000e+00   1.0056000000000006e+02 #xyz tv1
          -7.1897036796424501e+01  -3.8123900160510471e-01   9.9594170713719492e+01 #xyz tv2
          -7.2018062938703821e+01   0.0000000000000000e+00   1.0056000000000006e+02 -1 31 #xyz tv3 fid bid
          -7.2018930561740945e+01   0.0000000000000000e+00   1.0056000000000006e+02 #xyz tv0
          -7.2018062938703821e+01   0.0000000000000000e+00   1.0056000000000006e+02 #xyz tv1
          -7.1974841811069226e+01   2.1430272000000000e-01   1.0051737254000000e+02 #xyz tv2
          -7.2005797891016897e+01   5.1737253999999999e-01   9.9785697280000051e+01 -1 31 #xyz tv3 fid bid
          -7.2018750000000026e+01   5.2041704279304213e-16   1.0056562500000004e+02 #xyz tv0
          -7.2018930561740945e+01   0.0000000000000000e+00   1.0056000000000006e+02 #xyz tv1
          -7.1897715273160031e+01  -3.9597980000000021e-01   9.9604020200000008e+01 #xyz tv2
          -7.2018062938703821e+01   0.0000000000000000e+00   1.0056000000000006e+02 -1 31 #xyz tv3 fid bid
          -7.2018930561740945e+01   0.0000000000000000e+00   1.0056000000000006e+02 #xyz tv0
          -7.1974841811069226e+01   2.1430272000000000e-01   1.0051737254000000e+02 #xyz tv1
          -7.2018062938703821e+01   0.0000000000000000e+00   1.0056000000000006e+02 #xyz tv2
          -7.2018750000000026e+01   5.2041704279304213e-16   1.0056562500000004e+02 -1 31 #xyz tv3 fid bid
          -7.2018062938703821e+01   0.0000000000000000e+00   1.0056000000000006e+02 #xyz ev0
          -7.2018930561740945e+01   0.0000000000000000e+00   1.0056000000000006e+02 -1 31 #xyz ev1 fid bid
   0   0.000000000000e+00   0.000000000000e+00   0.000000000000e+00 #flag location
END_ERR 
BEGIN_ERR 
26 Small mesh segment detected on body : DielectricCoaxFinal
 Small mesh segment detected on body : DielectricCoaxFinal 
 Segment Statistics - Number of Segments : 1 --- Segment length(s) : 0.000882mm. The cutoff frequency for S-Matrix Only Solve is 3.39846158844712MHz 
3 -1  32  767  # nfids, fids[]
2 48  -1  # nbids, bids[]
      5 4 1 0 #ntets ntri ned npts
          -8.9099122447901546e+00   3.1991575017915075e-01   9.8537097459176920e+01 #xyz tv0
          -8.6568934014737131e+00   1.2021926031662697e-01   9.9454087552977754e+01 #xyz tv1
          -8.6677682168852019e+00   2.1430272000000000e-01   9.9482627460000003e+01 #xyz tv2
          -8.6560112606855952e+00   1.2021806688623059e-01   9.9454087190954567e+01 -1 48 #xyz tv3 fid bid
          -8.6677682168852019e+00   2.1430272000000000e-01   9.9482627460000003e+01 #xyz tv0
          -8.6568934014737131e+00   1.2021926031662697e-01   9.9454087552977754e+01 #xyz tv1
          -8.7192189712445849e+00   0.0000000000000000e+00   1.0056000000000006e+02 #xyz tv2
          -8.6560112606855952e+00   1.2021806688623059e-01   9.9454087190954567e+01 -1 48 #xyz tv3 fid bid
          -8.8781835455483336e+00   2.6438595670697884e-01   9.8526039744719569e+01 #xyz tv0
          -8.9099122447901546e+00   3.1991575017915075e-01   9.8537097459176920e+01 #xyz tv1
          -8.6560112606855952e+00   1.2021806688623059e-01   9.9454087190954567e+01 #xyz tv2
          -8.6568934014737131e+00   1.2021926031662697e-01   9.9454087552977754e+01 -1 48 #xyz tv3 fid bid
          -8.7192189712445849e+00   0.0000000000000000e+00   1.0056000000000006e+02 #xyz tv0
          -8.6560112606855952e+00   1.2021806688623059e-01   9.9454087190954567e+01 #xyz tv1
          -8.6568934014737131e+00   1.2021926031662697e-01   9.9454087552977754e+01 #xyz tv2
          -8.6099277092568602e+00   9.7909611399905297e-02   9.9449643252392576e+01 -1 48 #xyz tv3 fid bid
          -8.8781835455483336e+00   2.6438595670697884e-01   9.8526039744719569e+01 #xyz tv0
          -8.6568934014737131e+00   1.2021926031662697e-01   9.9454087552977754e+01 #xyz tv1
          -8.6560112606855952e+00   1.2021806688623059e-01   9.9454087190954567e+01 #xyz tv2
          -8.6099277092568602e+00   9.7909611399905297e-02   9.9449643252392576e+01 -1 48 #xyz tv3 fid bid
          -8.6099277092568602e+00   9.7909611399905297e-02   9.9449643252392576e+01 #xyz tv0
          -8.6568934014737131e+00   1.2021926031662697e-01   9.9454087552977754e+01 #xyz tv1
          -8.6560112606855952e+00   1.2021806688623059e-01   9.9454087190954567e+01 32 -1 #xyz tv2 fid bid
          -8.6099277092568602e+00   9.7909611399905297e-02   9.9449643252392576e+01 #xyz tv0
          -8.6568934014737131e+00   1.2021926031662697e-01   9.9454087552977754e+01 #xyz tv1
          -8.6560112606855952e+00   1.2021806688623059e-01   9.9454087190954567e+01 767 -1 #xyz tv2 fid bid
          -8.6568934014737131e+00   1.2021926031662697e-01   9.9454087552977754e+01 #xyz tv0
          -8.6677682168852019e+00   2.1430272000000000e-01   9.9482627460000003e+01 #xyz tv1
          -8.6560112606855952e+00   1.2021806688623059e-01   9.9454087190954567e+01 32 -1 #xyz tv2 fid bid
          -8.6568934014737131e+00   1.2021926031662697e-01   9.9454087552977754e+01 #xyz tv0
          -8.6677682168852019e+00   2.1430272000000000e-01   9.9482627460000003e+01 #xyz tv1
          -8.6560112606855952e+00   1.2021806688623059e-01   9.9454087190954567e+01 767 -1 #xyz tv2 fid bid
          -8.6568934014737131e+00   1.2021926031662697e-01   9.9454087552977754e+01 #xyz ev0
          -8.6560112606855952e+00   1.2021806688623059e-01   9.9454087190954567e+01 -1 48 #xyz ev1 fid bid
   0   0.000000000000e+00   0.000000000000e+00   0.000000000000e+00 #flag location
END_ERR 
BEGIN_ERR 
26 Small mesh segment detected on body : InnerCoaxFinal
 Small mesh segment detected on body : InnerCoaxFinal 
 Segment Statistics - Number of Segments : 1 --- Segment length(s) : 0.001427mm. The cutoff frequency for S-Matrix Only Solve is 2.10069809982556MHz 
1 -1  # nfids, fids[]
1 31  # nbids, bids[]
      6 0 1 0 #ntets ntri ned npts
          -7.2015919323837892e+01   0.0000000000000000e+00   1.0056000000000006e+02 #xyz tv0
          -7.1892815090944026e+01  -2.8951690398283919e-01   9.9532883969409681e+01 #xyz tv1
          -7.2005797891016897e+01   5.1737253999999999e-01   9.9785697280000051e+01 #xyz tv2
          -7.2017346432559634e+01   0.0000000000000000e+00   1.0056000000000006e+02 -1 31 #xyz tv3 fid bid
          -7.2015919323837892e+01   0.0000000000000000e+00   1.0056000000000006e+02 #xyz tv0
          -7.2017346432559634e+01   0.0000000000000000e+00   1.0056000000000006e+02 #xyz tv1
          -7.2005797891016897e+01   5.1737253999999999e-01   9.9785697280000051e+01 #xyz tv2
          -7.1974841811069226e+01   2.1430272000000000e-01   1.0051737254000000e+02 -1 31 #xyz tv3 fid bid
          -7.2015919323837892e+01   0.0000000000000000e+00   1.0056000000000006e+02 #xyz tv0
          -7.1897036796424501e+01  -3.8123900160510471e-01   9.9594170713719492e+01 #xyz tv1
          -7.1892815090944026e+01  -2.8951690398283919e-01   9.9532883969409681e+01 #xyz tv2
          -7.2017346432559634e+01   0.0000000000000000e+00   1.0056000000000006e+02 -1 31 #xyz tv3 fid bid
          -7.2015919323837892e+01   0.0000000000000000e+00   1.0056000000000006e+02 #xyz tv0
          -7.2017346432559634e+01   0.0000000000000000e+00   1.0056000000000006e+02 #xyz tv1
          -7.1974841811069226e+01   2.1430272000000000e-01   1.0051737254000000e+02 #xyz tv2
          -7.2018750000000026e+01   5.2041704279304213e-16   1.0056562500000004e+02 -1 31 #xyz tv3 fid bid
          -7.2015919323837892e+01   0.0000000000000000e+00   1.0056000000000006e+02 #xyz tv0
          -7.1897036796424501e+01  -3.8123900160510471e-01   9.9594170713719492e+01 #xyz tv1
          -7.2017346432559634e+01   0.0000000000000000e+00   1.0056000000000006e+02 #xyz tv2
          -7.1897715273160031e+01  -3.9597980000000021e-01   9.9604020200000008e+01 -1 31 #xyz tv3 fid bid
          -7.1897715273160031e+01  -3.9597980000000021e-01   9.9604020200000008e+01 #xyz tv0
          -7.2017346432559634e+01   0.0000000000000000e+00   1.0056000000000006e+02 #xyz tv1
          -7.2015919323837892e+01   0.0000000000000000e+00   1.0056000000000006e+02 #xyz tv2
          -7.2018750000000026e+01   5.2041704279304213e-16   1.0056562500000004e+02 -1 31 #xyz tv3 fid bid
          -7.2017346432559634e+01   0.0000000000000000e+00   1.0056000000000006e+02 #xyz ev0
          -7.2015919323837892e+01   0.0000000000000000e+00   1.0056000000000006e+02 -1 31 #xyz ev1 fid bid
   0   0.000000000000e+00   0.000000000000e+00   0.000000000000e+00 #flag location
END_ERR 
G3dErrFileVersion 2018P3.1
FlagFileMetaData Begin
   Mesh Size - Setup1, Refinement, Pass #1, Freq. 9.150000e+08 :Title    
   Listing of mesh elements with poor quality. :ToolTip  
   hf3d :Author   
   1738006235 :TimeStamp
FlagFileMetaData End
BEGIN_ERR 
26 Small mesh segment detected on body : DielectricCoaxFinal
 Small mesh segment detected on body : DielectricCoaxFinal 
 Segment Statistics - Number of Segments : 1 --- Segment length(s) : 0.000213mm. The cutoff frequency for S-Matrix Only Solve is 14.0984997504458MHz 
3 -1  32  767  # nfids, fids[]
2 48  -1  # nbids, bids[]
      5 4 1 0 #ntets ntri ned npts
          -8.9099122447901546e+00   3.1991575017915075e-01   9.8537097459176920e+01 #xyz tv0
          -8.6571060426509359e+00   1.2021954799456668e-01   9.9454087640243898e+01 #xyz tv1
          -8.6677682168852019e+00   2.1430272000000000e-01   9.9482627460000003e+01 #xyz tv2
          -8.6568934014737131e+00   1.2021926031662697e-01   9.9454087552977754e+01 -1 48 #xyz tv3 fid bid
          -8.6677682168852019e+00   2.1430272000000000e-01   9.9482627460000003e+01 #xyz tv0
          -8.6571060426509359e+00   1.2021954799456668e-01   9.9454087640243898e+01 #xyz tv1
          -8.7192189712445849e+00   0.0000000000000000e+00   1.0056000000000006e+02 #xyz tv2
          -8.6568934014737131e+00   1.2021926031662697e-01   9.9454087552977754e+01 -1 48 #xyz tv3 fid bid
          -8.9099122447901546e+00   3.1991575017915075e-01   9.8537097459176920e+01 #xyz tv0
          -8.6571060426509359e+00   1.2021954799456668e-01   9.9454087640243898e+01 #xyz tv1
          -8.6568934014737131e+00   1.2021926031662697e-01   9.9454087552977754e+01 #xyz tv2
          -8.8781835455483336e+00   2.6438595670697884e-01   9.8526039744719569e+01 -1 48 #xyz tv3 fid bid
          -8.7192189712445849e+00   0.0000000000000000e+00   1.0056000000000006e+02 #xyz tv0
          -8.6568934014737131e+00   1.2021926031662697e-01   9.9454087552977754e+01 #xyz tv1
          -8.6571060426509359e+00   1.2021954799456668e-01   9.9454087640243898e+01 #xyz tv2
          -8.6099277092568602e+00   9.7909611399905297e-02   9.9449643252392576e+01 -1 48 #xyz tv3 fid bid
          -8.6099277092568602e+00   9.7909611399905297e-02   9.9449643252392576e+01 #xyz tv0
          -8.6571060426509359e+00   1.2021954799456668e-01   9.9454087640243898e+01 #xyz tv1
          -8.8781835455483336e+00   2.6438595670697884e-01   9.8526039744719569e+01 #xyz tv2
          -8.6568934014737131e+00   1.2021926031662697e-01   9.9454087552977754e+01 -1 48 #xyz tv3 fid bid
          -8.6099277092568602e+00   9.7909611399905297e-02   9.9449643252392576e+01 #xyz tv0
          -8.6571060426509359e+00   1.2021954799456668e-01   9.9454087640243898e+01 #xyz tv1
          -8.6568934014737131e+00   1.2021926031662697e-01   9.9454087552977754e+01 32 -1 #xyz tv2 fid bid
          -8.6099277092568602e+00   9.7909611399905297e-02   9.9449643252392576e+01 #xyz tv0
          -8.6571060426509359e+00   1.2021954799456668e-01   9.9454087640243898e+01 #xyz tv1
          -8.6568934014737131e+00   1.2021926031662697e-01   9.9454087552977754e+01 767 -1 #xyz tv2 fid bid
          -8.6571060426509359e+00   1.2021954799456668e-01   9.9454087640243898e+01 #xyz tv0
          -8.6677682168852019e+00   2.1430272000000000e-01   9.9482627460000003e+01 #xyz tv1
          -8.6568934014737131e+00   1.2021926031662697e-01   9.9454087552977754e+01 32 -1 #xyz tv2 fid bid
          -8.6571060426509359e+00   1.2021954799456668e-01   9.9454087640243898e+01 #xyz tv0
          -8.6677682168852019e+00   2.1430272000000000e-01   9.9482627460000003e+01 #xyz tv1
          -8.6568934014737131e+00   1.2021926031662697e-01   9.9454087552977754e+01 767 -1 #xyz tv2 fid bid
          -8.6571060426509359e+00   1.2021954799456668e-01   9.9454087640243898e+01 #xyz ev0
          -8.6568934014737131e+00   1.2021926031662697e-01   9.9454087552977754e+01 -1 48 #xyz ev1 fid bid
   0   0.000000000000e+00   0.000000000000e+00   0.000000000000e+00 #flag location
END_ERR 
BEGIN_ERR 
26 Small mesh segment detected on body : InnerCoaxFinal
 Small mesh segment detected on body : InnerCoaxFinal 
 Segment Statistics - Number of Segments : 1 --- Segment length(s) : 0.000717mm. The cutoff frequency for S-Matrix Only Solve is 4.18408774907458MHz 
1 -1  # nfids, fids[]
1 31  # nbids, bids[]
      6 0 1 0 #ntets ntri ned npts
          -7.2017346432559634e+01   0.0000000000000000e+00   1.0056000000000006e+02 #xyz tv0
          -7.1892815090944026e+01  -2.8951690398283919e-01   9.9532883969409681e+01 #xyz tv1
          -7.2005797891016897e+01   5.1737253999999999e-01   9.9785697280000051e+01 #xyz tv2
          -7.2018062938703821e+01   0.0000000000000000e+00   1.0056000000000006e+02 -1 31 #xyz tv3 fid bid
          -7.2017346432559634e+01   0.0000000000000000e+00   1.0056000000000006e+02 #xyz tv0
          -7.2005797891016897e+01   5.1737253999999999e-01   9.9785697280000051e+01 #xyz tv1
          -7.1974841811069226e+01   2.1430272000000000e-01   1.0051737254000000e+02 #xyz tv2
          -7.2018062938703821e+01   0.0000000000000000e+00   1.0056000000000006e+02 -1 31 #xyz tv3 fid bid
          -7.2017346432559634e+01   0.0000000000000000e+00   1.0056000000000006e+02 #xyz tv0
          -7.1897036796424501e+01  -3.8123900160510471e-01   9.9594170713719492e+01 #xyz tv1
          -7.1892815090944026e+01  -2.8951690398283919e-01   9.9532883969409681e+01 #xyz tv2
          -7.2018062938703821e+01   0.0000000000000000e+00   1.0056000000000006e+02 -1 31 #xyz tv3 fid bid
          -7.2018062938703821e+01   0.0000000000000000e+00   1.0056000000000006e+02 #xyz tv0
          -7.1974841811069226e+01   2.1430272000000000e-01   1.0051737254000000e+02 #xyz tv1
          -7.2017346432559634e+01   0.0000000000000000e+00   1.0056000000000006e+02 #xyz tv2
          -7.2018750000000026e+01   5.2041704279304213e-16   1.0056562500000004e+02 -1 31 #xyz tv3 fid bid
          -7.1897715273160031e+01  -3.9597980000000021e-01   9.9604020200000008e+01 #xyz tv0
          -7.2017346432559634e+01   0.0000000000000000e+00   1.0056000000000006e+02 #xyz tv1
          -7.2018062938703821e+01   0.0000000000000000e+00   1.0056000000000006e+02 #xyz tv2
          -7.1897036796424501e+01  -3.8123900160510471e-01   9.9594170713719492e+01 -1 31 #xyz tv3 fid bid
          -7.1897715273160031e+01  -3.9597980000000021e-01   9.9604020200000008e+01 #xyz tv0
          -7.2018062938703821e+01   0.0000000000000000e+00   1.0056000000000006e+02 #xyz tv1
          -7.2017346432559634e+01   0.0000000000000000e+00   1.0056000000000006e+02 #xyz tv2
          -7.2018750000000026e+01   5.2041704279304213e-16   1.0056562500000004e+02 -1 31 #xyz tv3 fid bid
          -7.2017346432559634e+01   0.0000000000000000e+00   1.0056000000000006e+02 #xyz ev0
          -7.2018062938703821e+01   0.0000000000000000e+00   1.0056000000000006e+02 -1 31 #xyz ev1 fid bid
   0   0.000000000000e+00   0.000000000000e+00   0.000000000000e+00 #flag location
END_ERR 
BEGIN_ERR 
26 Small mesh segment detected on body : DielectricCoaxFinal
 Small mesh segment detected on body : DielectricCoaxFinal 
 Segment Statistics - Number of Segments : 1 --- Segment length(s) : 0.000850mm. The cutoff frequency for S-Matrix Only Solve is 3.5257718974946MHz 
3 -1  32  767  # nfids, fids[]
2 48  -1  # nbids, bids[]
      6 4 1 0 #ntets ntri ned npts
          -6.5229104213610910e+01  -1.9638753466340020e-01   9.9477268144784574e+01 #xyz tv0
          -6.6184839803234937e+01   1.6904705327190218e-02   9.9441664967695814e+01 #xyz tv1
          -6.5229752545380222e+01  -1.9693035416948923e-01   9.9477357610153604e+01 #xyz tv2
          -6.5867531290388527e+01  -5.2879795627526482e-01   9.8600461181288424e+01 -1 48 #xyz tv3 fid bid
          -6.5229104213610910e+01  -1.9638753466340020e-01   9.9477268144784574e+01 #xyz tv0
          -6.5620174750081389e+01   0.0000000000000000e+00   1.0056000000000006e+02 #xyz tv1
          -6.5229752545380222e+01  -1.9693035416948923e-01   9.9477357610153604e+01 #xyz tv2
          -6.6184839803234937e+01   1.6904705327190218e-02   9.9441664967695814e+01 -1 48 #xyz tv3 fid bid
          -6.5229104213610910e+01  -1.9638753466340020e-01   9.9477268144784574e+01 #xyz tv0
          -6.5229752545380222e+01  -1.9693035416948923e-01   9.9477357610153604e+01 #xyz tv1
          -6.3991811649366291e+01   5.4188503162254063e-02   9.8505337101889424e+01 #xyz tv2
          -6.5867531290388527e+01  -5.2879795627526482e-01   9.8600461181288424e+01 -1 48 #xyz tv3 fid bid
          -6.5229104213610910e+01  -1.9638753466340020e-01   9.9477268144784574e+01 #xyz tv0
          -6.5229752545380222e+01  -1.9693035416948923e-01   9.9477357610153604e+01 #xyz tv1
          -6.5620174750081389e+01   0.0000000000000000e+00   1.0056000000000006e+02 #xyz tv2
          -6.4150658842681253e+01   0.0000000000000000e+00   1.0056000000000006e+02 -1 48 #xyz tv3 fid bid
          -6.5229104213610910e+01  -1.9638753466340020e-01   9.9477268144784574e+01 #xyz tv0
          -6.5229752545380222e+01  -1.9693035416948923e-01   9.9477357610153604e+01 #xyz tv1
          -6.3977009245394235e+01  -1.9506072402528626e-01   9.9476790464019103e+01 #xyz tv2
          -6.3991811649366291e+01   5.4188503162254063e-02   9.8505337101889424e+01 -1 48 #xyz tv3 fid bid
          -6.5229104213610910e+01  -1.9638753466340020e-01   9.9477268144784574e+01 #xyz tv0
          -6.3977009245394235e+01  -1.9506072402528626e-01   9.9476790464019103e+01 #xyz tv1
          -6.5229752545380222e+01  -1.9693035416948923e-01   9.9477357610153604e+01 #xyz tv2
          -6.4150658842681253e+01   0.0000000000000000e+00   1.0056000000000006e+02 -1 48 #xyz tv3 fid bid
          -6.5229104213610910e+01  -1.9638753466340020e-01   9.9477268144784574e+01 #xyz tv0
          -6.5229752545380222e+01  -1.9693035416948923e-01   9.9477357610153604e+01 #xyz tv1
          -6.6184839803234937e+01   1.6904705327190218e-02   9.9441664967695814e+01 32 -1 #xyz tv2 fid bid
          -6.5229104213610910e+01  -1.9638753466340020e-01   9.9477268144784574e+01 #xyz tv0
          -6.5229752545380222e+01  -1.9693035416948923e-01   9.9477357610153604e+01 #xyz tv1
          -6.6184839803234937e+01   1.6904705327190218e-02   9.9441664967695814e+01 767 -1 #xyz tv2 fid bid
          -6.5229104213610910e+01  -1.9638753466340020e-01   9.9477268144784574e+01 #xyz tv0
          -6.3977009245394235e+01  -1.9506072402528626e-01   9.9476790464019103e+01 #xyz tv1
          -6.5229752545380222e+01  -1.9693035416948923e-01   9.9477357610153604e+01 32 -1 #xyz tv2 fid bid
          -6.5229104213610910e+01  -1.9638753466340020e-01   9.9477268144784574e+01 #xyz tv0
          -6.3977009245394235e+01  -1.9506072402528626e-01   9.9476790464019103e+01 #xyz tv1
          -6.5229752545380222e+01  -1.9693035416948923e-01   9.9477357610153604e+01 767 -1 #xyz tv2 fid bid
          -6.5229104213610910e+01  -1.9638753466340020e-01   9.9477268144784574e+01 #xyz ev0
          -6.5229752545380222e+01  -1.9693035416948923e-01   9.9477357610153604e+01 -1 48 #xyz ev1 fid bid
   0   0.000000000000e+00   0.000000000000e+00   0.000000000000e+00 #flag location
END_ERR 
BEGIN_ERR 
26 Small mesh segment detected on body : InnerCoaxFinal
 Small mesh segment detected on body : InnerCoaxFinal 
 Segment Statistics - Number of Segments : 1 --- Segment length(s) : 0.000868mm. The cutoff frequency for S-Matrix Only Solve is 3.45533077353412MHz 
1 -1  # nfids, fids[]
1 31  # nbids, bids[]
      6 0 1 0 #ntets ntri ned npts
          -7.1897036796424501e+01  -3.8123900160510471e-01   9.9594170713719492e+01 #xyz tv0
          -7.2018930561740945e+01   0.0000000000000000e+00   1.0056000000000006e+02 #xyz tv1
          -7.1892815090944026e+01  -2.8951690398283919e-01   9.9532883969409681e+01 #xyz tv2
          -7.2018062938703821e+01   0.0000000000000000e+00   1.0056000000000006e+02 -1 31 #xyz tv3 fid bid
          -7.2005797891016897e+01   5.1737253999999999e-01   9.9785697280000051e+01 #xyz tv0
          -7.1892815090944026e+01  -2.8951690398283919e-01   9.9532883969409681e+01 #xyz tv1
          -7.2018930561740945e+01   0.0000000000000000e+00   1.0056000000000006e+02 #xyz tv2
          -7.2018062938703821e+01   0.0000000000000000e+00   1.0056000000000006e+02 -1 31 #xyz tv3 fid bid
          -7.1897715273160031e+01  -3.9597980000000021e-01   9.9604020200000008e+01 #xyz tv0
          -7.2018930561740945e+01   0.0000000000000000e+00   1.0056000000000006e+02 #xyz tv1
          -7.1897036796424501e+01  -3.8123900160510471e-01   9.9594170713719492e+01 #xyz tv2
          -7.2018062938703821e+01   0.0000000000000000e+00   1.0056000000000006e+02 -1 31 #xyz tv3 fid bid
          -7.2018930561740945e+01   0.0000000000000000e+00   1.0056000000000006e+02 #xyz tv0
          -7.2018062938703821e+01   0.0000000000000000e+00   1.0056000000000006e+02 #xyz tv1
          -7.1974841811069226e+01   2.1430272000000000e-01   1.0051737254000000e+02 #xyz tv2
          -7.2005797891016897e+01   5.1737253999999999e-01   9.9785697280000051e+01 -1 31 #xyz tv3 fid bid
          -7.2018750000000026e+01   5.2041704279304213e-16   1.0056562500000004e+02 #xyz tv0
          -7.2018930561740945e+01   0.0000000000000000e+00   1.0056000000000006e+02 #xyz tv1
          -7.1897715273160031e+01  -3.9597980000000021e-01   9.9604020200000008e+01 #xyz tv2
          -7.2018062938703821e+01   0.0000000000000000e+00   1.0056000000000006e+02 -1 31 #xyz tv3 fid bid
          -7.2018930561740945e+01   0.0000000000000000e+00   1.0056000000000006e+02 #xyz tv0
          -7.1974841811069226e+01   2.1430272000000000e-01   1.0051737254000000e+02 #xyz tv1
          -7.2018062938703821e+01   0.0000000000000000e+00   1.0056000000000006e+02 #xyz tv2
          -7.2018750000000026e+01   5.2041704279304213e-16   1.0056562500000004e+02 -1 31 #xyz tv3 fid bid
          -7.2018062938703821e+01   0.0000000000000000e+00   1.0056000000000006e+02 #xyz ev0
          -7.2018930561740945e+01   0.0000000000000000e+00   1.0056000000000006e+02 -1 31 #xyz ev1 fid bid
   0   0.000000000000e+00   0.000000000000e+00   0.000000000000e+00 #flag location
END_ERR 
BEGIN_ERR 
26 Small mesh segment detected on body : DielectricCoaxFinal
 Small mesh segment detected on body : DielectricCoaxFinal 
 Segment Statistics - Number of Segments : 1 --- Segment length(s) : 0.000882mm. The cutoff frequency for S-Matrix Only Solve is 3.39846158844712MHz 
3 -1  32  767  # nfids, fids[]
2 48  -1  # nbids, bids[]
      5 4 1 0 #ntets ntri ned npts
          -8.9099122447901546e+00   3.1991575017915075e-01   9.8537097459176920e+01 #xyz tv0
          -8.6568934014737131e+00   1.2021926031662697e-01   9.9454087552977754e+01 #xyz tv1
          -8.6677682168852019e+00   2.1430272000000000e-01   9.9482627460000003e+01 #xyz tv2
          -8.6560112606855952e+00   1.2021806688623059e-01   9.9454087190954567e+01 -1 48 #xyz tv3 fid bid
          -8.6677682168852019e+00   2.1430272000000000e-01   9.9482627460000003e+01 #xyz tv0
          -8.6568934014737131e+00   1.2021926031662697e-01   9.9454087552977754e+01 #xyz tv1
          -8.7192189712445849e+00   0.0000000000000000e+00   1.0056000000000006e+02 #xyz tv2
          -8.6560112606855952e+00   1.2021806688623059e-01   9.9454087190954567e+01 -1 48 #xyz tv3 fid bid
          -8.8781835455483336e+00   2.6438595670697884e-01   9.8526039744719569e+01 #xyz tv0
          -8.9099122447901546e+00   3.1991575017915075e-01   9.8537097459176920e+01 #xyz tv1
          -8.6560112606855952e+00   1.2021806688623059e-01   9.9454087190954567e+01 #xyz tv2
          -8.6568934014737131e+00   1.2021926031662697e-01   9.9454087552977754e+01 -1 48 #xyz tv3 fid bid
          -8.7192189712445849e+00   0.0000000000000000e+00   1.0056000000000006e+02 #xyz tv0
          -8.6560112606855952e+00   1.2021806688623059e-01   9.9454087190954567e+01 #xyz tv1
          -8.6568934014737131e+00   1.2021926031662697e-01   9.9454087552977754e+01 #xyz tv2
          -8.6099277092568602e+00   9.7909611399905297e-02   9.9449643252392576e+01 -1 48 #xyz tv3 fid bid
          -8.8781835455483336e+00   2.6438595670697884e-01   9.8526039744719569e+01 #xyz tv0
          -8.6568934014737131e+00   1.2021926031662697e-01   9.9454087552977754e+01 #xyz tv1
          -8.6560112606855952e+00   1.2021806688623059e-01   9.9454087190954567e+01 #xyz tv2
          -8.6099277092568602e+00   9.7909611399905297e-02   9.9449643252392576e+01 -1 48 #xyz tv3 fid bid
          -8.6099277092568602e+00   9.7909611399905297e-02   9.9449643252392576e+01 #xyz tv0
          -8.6568934014737131e+00   1.2021926031662697e-01   9.9454087552977754e+01 #xyz tv1
          -8.6560112606855952e+00   1.2021806688623059e-01   9.9454087190954567e+01 32 -1 #xyz tv2 fid bid
          -8.6099277092568602e+00   9.7909611399905297e-02   9.9449643252392576e+01 #xyz tv0
          -8.6568934014737131e+00   1.2021926031662697e-01   9.9454087552977754e+01 #xyz tv1
          -8.6560112606855952e+00   1.2021806688623059e-01   9.9454087190954567e+01 767 -1 #xyz tv2 fid bid
          -8.6568934014737131e+00   1.2021926031662697e-01   9.9454087552977754e+01 #xyz tv0
          -8.6677682168852019e+00   2.1430272000000000e-01   9.9482627460000003e+01 #xyz tv1
          -8.6560112606855952e+00   1.2021806688623059e-01   9.9454087190954567e+01 32 -1 #xyz tv2 fid bid
          -8.6568934014737131e+00   1.2021926031662697e-01   9.9454087552977754e+01 #xyz tv0
          -8.6677682168852019e+00   2.1430272000000000e-01   9.9482627460000003e+01 #xyz tv1
          -8.6560112606855952e+00   1.2021806688623059e-01   9.9454087190954567e+01 767 -1 #xyz tv2 fid bid
          -8.6568934014737131e+00   1.2021926031662697e-01   9.9454087552977754e+01 #xyz ev0
          -8.6560112606855952e+00   1.2021806688623059e-01   9.9454087190954567e+01 -1 48 #xyz ev1 fid bid
   0   0.000000000000e+00   0.000000000000e+00   0.000000000000e+00 #flag location
END_ERR 
BEGIN_ERR 
26 Small mesh segment detected on body : InnerCoaxFinal
 Small mesh segment detected on body : InnerCoaxFinal 
 Segment Statistics - Number of Segments : 1 --- Segment length(s) : 0.001427mm. The cutoff frequency for S-Matrix Only Solve is 2.10069809982556MHz 
1 -1  # nfids, fids[]
1 31  # nbids, bids[]
      6 0 1 0 #ntets ntri ned npts
          -7.2015919323837892e+01   0.0000000000000000e+00   1.0056000000000006e+02 #xyz tv0
          -7.1892815090944026e+01  -2.8951690398283919e-01   9.9532883969409681e+01 #xyz tv1
          -7.2005797891016897e+01   5.1737253999999999e-01   9.9785697280000051e+01 #xyz tv2
          -7.2017346432559634e+01   0.0000000000000000e+00   1.0056000000000006e+02 -1 31 #xyz tv3 fid bid
          -7.2015919323837892e+01   0.0000000000000000e+00   1.0056000000000006e+02 #xyz tv0
          -7.2017346432559634e+01   0.0000000000000000e+00   1.0056000000000006e+02 #xyz tv1
          -7.2005797891016897e+01   5.1737253999999999e-01   9.9785697280000051e+01 #xyz tv2
          -7.1974841811069226e+01   2.1430272000000000e-01   1.0051737254000000e+02 -1 31 #xyz tv3 fid bid
          -7.2015919323837892e+01   0.0000000000000000e+00   1.0056000000000006e+02 #xyz tv0
          -7.1897036796424501e+01  -3.8123900160510471e-01   9.9594170713719492e+01 #xyz tv1
