G3dErrFileVersion 2018P3.1
FlagFileMetaData Begin
   Mesh Size - Setup1, Refinement, Pass #1, Freq. 8.150000e+08 :Title    
   Listing of mesh elements with poor quality. :ToolTip  
   hf3d :Author   
   1737575121 :TimeStamp
FlagFileMetaData End
BEGIN_ERR 
26 Small mesh segment detected on body : DielectricCoaxFinal
 Small mesh segment detected on body : DielectricCoaxFinal 
 Segment Statistics - Number of Segments : 1 --- Segment length(s) : 0.001397mm. The cutoff frequency for S-Matrix Only Solve is 2.14580291140084MHz 
3 -1  32  63  # nfids, fids[]
2 48  -1  # nbids, bids[]
      6 4 1 0 #ntets ntri ned npts
           6.5721667948941317e+01   1.0189771030916033e+00   9.8905131420103004e+01 #xyz tv0
           6.8171417946477064e+01   9.0049097460954053e-01   9.8832318193484895e+01 #xyz tv1
           6.6918949414583935e+01   3.8137630139563977e-01   9.9592169445731869e+01 #xyz tv2
           6.6920100169950260e+01   3.8204919544781674e-01   9.9592587649598883e+01 -1 48 #xyz tv3 fid bid
           6.6124394089692657e+01   3.8101773825001578e-01   9.9591741154649128e+01 #xyz tv0
           6.5721667948941317e+01   1.0189771030916033e+00   9.8905131420103004e+01 #xyz tv1
           6.6918949414583935e+01   3.8137630139563977e-01   9.9592169445731869e+01 #xyz tv2
           6.6920100169950260e+01   3.8204919544781674e-01   9.9592587649598883e+01 -1 48 #xyz tv3 fid bid
           6.8171417946477064e+01   9.0049097460954053e-01   9.8832318193484895e+01 #xyz tv0
           6.7712377743049373e+01   3.8361233059624100e-01   9.9593870481316728e+01 #xyz tv1
           6.6918949414583935e+01   3.8137630139563977e-01   9.9592169445731869e+01 #xyz tv2
           6.6920100169950260e+01   3.8204919544781674e-01   9.9592587649598883e+01 -1 48 #xyz tv3 fid bid
           6.6539062500000000e+01   5.6000000000000005e-01   1.0000000000000001e+02 #xyz tv0
           6.6918949414583935e+01   3.8137630139563977e-01   9.9592169445731869e+01 #xyz tv1
           6.6920100169950260e+01   3.8204919544781674e-01   9.9592587649598883e+01 #xyz tv2
           6.6124394089692657e+01   3.8101773825001578e-01   9.9591741154649128e+01 -1 48 #xyz tv3 fid bid
           6.6918949414583935e+01   3.8137630139563977e-01   9.9592169445731869e+01 #xyz tv0
           6.6781884457922587e+01  -1.5413367757402126e-02   9.9441518083805846e+01 #xyz tv1
           6.6920100169950260e+01   3.8204919544781674e-01   9.9592587649598883e+01 #xyz tv2
           6.7712377743049373e+01   3.8361233059624100e-01   9.9593870481316728e+01 -1 48 #xyz tv3 fid bid
           6.6539062500000000e+01   5.6000000000000005e-01   1.0000000000000001e+02 #xyz tv0
           6.6920100169950260e+01   3.8204919544781674e-01   9.9592587649598883e+01 #xyz tv1
           6.6918949414583935e+01   3.8137630139563977e-01   9.9592169445731869e+01 #xyz tv2
           6.6781884457922587e+01  -1.5413367757402126e-02   9.9441518083805846e+01 -1 48 #xyz tv3 fid bid
           6.6918949414583935e+01   3.8137630139563977e-01   9.9592169445731869e+01 #xyz tv0
           6.6920100169950260e+01   3.8204919544781674e-01   9.9592587649598883e+01 #xyz tv1
           6.7712377743049373e+01   3.8361233059624100e-01   9.9593870481316728e+01 32 -1 #xyz tv2 fid bid
           6.6918949414583935e+01   3.8137630139563977e-01   9.9592169445731869e+01 #xyz tv0
           6.6920100169950260e+01   3.8204919544781674e-01   9.9592587649598883e+01 #xyz tv1
           6.7712377743049373e+01   3.8361233059624100e-01   9.9593870481316728e+01 63 -1 #xyz tv2 fid bid
           6.6918949414583935e+01   3.8137630139563977e-01   9.9592169445731869e+01 #xyz tv0
           6.6124394089692657e+01   3.8101773825001578e-01   9.9591741154649128e+01 #xyz tv1
           6.6920100169950260e+01   3.8204919544781674e-01   9.9592587649598883e+01 32 -1 #xyz tv2 fid bid
           6.6918949414583935e+01   3.8137630139563977e-01   9.9592169445731869e+01 #xyz tv0
           6.6124394089692657e+01   3.8101773825001578e-01   9.9591741154649128e+01 #xyz tv1
           6.6920100169950260e+01   3.8204919544781674e-01   9.9592587649598883e+01 63 -1 #xyz tv2 fid bid
           6.6918949414583935e+01   3.8137630139563977e-01   9.9592169445731869e+01 #xyz ev0
           6.6920100169950260e+01   3.8204919544781674e-01   9.9592587649598883e+01 -1 48 #xyz ev1 fid bid
   0   0.000000000000e+00   0.000000000000e+00   0.000000000000e+00 #flag location
END_ERR 
BEGIN_ERR 
26 Small mesh segment detected on body : DielectricCoaxFinal
 Small mesh segment detected on body : DielectricCoaxFinal 
 Segment Statistics - Number of Segments : 1 --- Segment length(s) : 0.001471mm. The cutoff frequency for S-Matrix Only Solve is 2.038191116898MHz 
3 -1  32  63  # nfids, fids[]
2 48  -1  # nbids, bids[]
      5 4 1 0 #ntets ntri ned npts
           6.3597219713392271e+01   3.9597835041947871e-01   1.0039598124958054e+02 #xyz tv0
           6.3549318741870366e+01   4.2902148022976966e-01   1.0034653289036352e+02 #xyz tv1
           6.3422783162165267e+01   6.1952010660968737e-01   1.0041569247065605e+02 #xyz tv2
           6.3547847876143678e+01   4.2902439902172801e-01   1.0034652852238827e+02 -1 48 #xyz tv3 fid bid
           6.3406976859735828e+01   1.9671814267399116e-02   1.0055608619782012e+02 #xyz tv0
           6.3547847876143678e+01   4.2902439902172801e-01   1.0034652852238827e+02 #xyz tv1
           6.3549318741870366e+01   4.2902148022976966e-01   1.0034653289036352e+02 #xyz tv2
           6.3597219713392271e+01   3.9597835041947871e-01   1.0039598124958054e+02 -1 48 #xyz tv3 fid bid
           6.3407586413217835e+01   5.2100342912133812e-01   1.0020184570276918e+02 #xyz tv0
           6.3422783162165267e+01   6.1952010660968737e-01   1.0041569247065605e+02 #xyz tv1
           6.3549318741870366e+01   4.2902148022976966e-01   1.0034653289036352e+02 #xyz tv2
           6.3547847876143678e+01   4.2902439902172801e-01   1.0034652852238827e+02 -1 48 #xyz tv3 fid bid
           6.3407812500000006e+01   5.6000000000000005e-01   1.0000000000000001e+02 #xyz tv0
           6.3547847876143678e+01   4.2902439902172801e-01   1.0034652852238827e+02 #xyz tv1
           6.3549318741870366e+01   4.2902148022976966e-01   1.0034653289036352e+02 #xyz tv2
           6.3406976859735828e+01   1.9671814267399116e-02   1.0055608619782012e+02 -1 48 #xyz tv3 fid bid
           6.3407812500000006e+01   5.6000000000000005e-01   1.0000000000000001e+02 #xyz tv0
           6.3549318741870366e+01   4.2902148022976966e-01   1.0034653289036352e+02 #xyz tv1
           6.3547847876143678e+01   4.2902439902172801e-01   1.0034652852238827e+02 #xyz tv2
           6.3407586413217835e+01   5.2100342912133812e-01   1.0020184570276918e+02 -1 48 #xyz tv3 fid bid
           6.3547847876143678e+01   4.2902439902172801e-01   1.0034652852238827e+02 #xyz tv0
           6.3549318741870366e+01   4.2902148022976966e-01   1.0034653289036352e+02 #xyz tv1
           6.3407586413217835e+01   5.2100342912133812e-01   1.0020184570276918e+02 32 -1 #xyz tv2 fid bid
           6.3547847876143678e+01   4.2902439902172801e-01   1.0034652852238827e+02 #xyz tv0
           6.3549318741870366e+01   4.2902148022976966e-01   1.0034653289036352e+02 #xyz tv1
           6.3407586413217835e+01   5.2100342912133812e-01   1.0020184570276918e+02 63 -1 #xyz tv2 fid bid
           6.3549318741870366e+01   4.2902148022976966e-01   1.0034653289036352e+02 #xyz tv0
           6.3547847876143678e+01   4.2902439902172801e-01   1.0034652852238827e+02 #xyz tv1
           6.3597219713392271e+01   3.9597835041947871e-01   1.0039598124958054e+02 32 -1 #xyz tv2 fid bid
           6.3549318741870366e+01   4.2902148022976966e-01   1.0034653289036352e+02 #xyz tv0
           6.3547847876143678e+01   4.2902439902172801e-01   1.0034652852238827e+02 #xyz tv1
           6.3597219713392271e+01   3.9597835041947871e-01   1.0039598124958054e+02 63 -1 #xyz tv2 fid bid
           6.3547847876143678e+01   4.2902439902172801e-01   1.0034652852238827e+02 #xyz ev0
           6.3549318741870366e+01   4.2902148022976966e-01   1.0034653289036352e+02 -1 48 #xyz ev1 fid bid
   0   0.000000000000e+00   0.000000000000e+00   0.000000000000e+00 #flag location
END_ERR 
BEGIN_ERR 
26 Small mesh segment detected on body : DielectricCoaxFinal
 Small mesh segment detected on body : DielectricCoaxFinal 
 Segment Statistics - Number of Segments : 1 --- Segment length(s) : 0.001637mm. The cutoff frequency for S-Matrix Only Solve is 1.83162201977065MHz 
3 -1  32  63  # nfids, fids[]
2 48  -1  # nbids, bids[]
      6 4 1 0 #ntets ntri ned npts
           6.1841963052015622e+01   5.2134195132369598e-01   1.0020068428561572e+02 #xyz tv0
           6.2150523629867564e+01   1.3955661742559551e+00   1.0054192237464451e+02 #xyz tv1
           6.1982249527285077e+01   4.2981271970599216e-01   1.0034534904249375e+02 #xyz tv2
           6.1980612777016738e+01   4.2981575938097133e-01   1.0034534449363869e+02 -1 48 #xyz tv3 fid bid
           6.1982249527285077e+01   4.2981271970599216e-01   1.0034534904249375e+02 #xyz tv0
           6.2150523629867564e+01   1.3955661742559551e+00   1.0054192237464451e+02 #xyz tv1
           6.2018390381714845e+01   4.0623279420276326e-01   1.0038261783771722e+02 #xyz tv2
           6.1980612777016738e+01   4.2981575938097133e-01   1.0034534449363869e+02 -1 48 #xyz tv3 fid bid
           6.1842187500000001e+01   5.6000000000000005e-01   1.0000000000000001e+02 #xyz tv0
           6.1982249527285077e+01   4.2981271970599216e-01   1.0034534904249375e+02 #xyz tv1
           6.1980612777016738e+01   4.2981575938097133e-01   1.0034534449363869e+02 #xyz tv2
           6.1841963052015622e+01   5.2134195132369598e-01   1.0020068428561572e+02 -1 48 #xyz tv3 fid bid
           6.1980612777016738e+01   4.2981575938097133e-01   1.0034534449363869e+02 #xyz tv0
           6.2030743897386053e+01   3.9597821365125130e-01   1.0039598138634877e+02 #xyz tv1
           6.2018390381714845e+01   4.0623279420276326e-01   1.0038261783771722e+02 #xyz tv2
           6.1982249527285077e+01   4.2981271970599216e-01   1.0034534904249375e+02 -1 48 #xyz tv3 fid bid
           6.1842187500000001e+01   5.6000000000000005e-01   1.0000000000000001e+02 #xyz tv0
           6.1980612777016738e+01   4.2981575938097133e-01   1.0034534449363869e+02 #xyz tv1
           6.1982249527285077e+01   4.2981271970599216e-01   1.0034534904249375e+02 #xyz tv2
           6.1841354959713193e+01   2.1832507528370380e-02   1.0055565631749084e+02 -1 48 #xyz tv3 fid bid
           6.1841354959713193e+01   2.1832507528370380e-02   1.0055565631749084e+02 #xyz tv0
           6.1980612777016738e+01   4.2981575938097133e-01   1.0034534449363869e+02 #xyz tv1
           6.1982249527285077e+01   4.2981271970599216e-01   1.0034534904249375e+02 #xyz tv2
           6.2030743897386053e+01   3.9597821365125130e-01   1.0039598138634877e+02 -1 48 #xyz tv3 fid bid
           6.1980612777016738e+01   4.2981575938097133e-01   1.0034534449363869e+02 #xyz tv0
           6.2030743897386053e+01   3.9597821365125130e-01   1.0039598138634877e+02 #xyz tv1
           6.1982249527285077e+01   4.2981271970599216e-01   1.0034534904249375e+02 32 -1 #xyz tv2 fid bid
           6.1980612777016738e+01   4.2981575938097133e-01   1.0034534449363869e+02 #xyz tv0
           6.2030743897386053e+01   3.9597821365125130e-01   1.0039598138634877e+02 #xyz tv1
           6.1982249527285077e+01   4.2981271970599216e-01   1.0034534904249375e+02 63 -1 #xyz tv2 fid bid
           6.1980612777016738e+01   4.2981575938097133e-01   1.0034534449363869e+02 #xyz tv0
           6.1982249527285077e+01   4.2981271970599216e-01   1.0034534904249375e+02 #xyz tv1
           6.1841963052015622e+01   5.2134195132369598e-01   1.0020068428561572e+02 32 -1 #xyz tv2 fid bid
           6.1980612777016738e+01   4.2981575938097133e-01   1.0034534449363869e+02 #xyz tv0
           6.1982249527285077e+01   4.2981271970599216e-01   1.0034534904249375e+02 #xyz tv1
           6.1841963052015622e+01   5.2134195132369598e-01   1.0020068428561572e+02 63 -1 #xyz tv2 fid bid
           6.1982249527285077e+01   4.2981271970599216e-01   1.0034534904249375e+02 #xyz ev0
           6.1980612777016738e+01   4.2981575938097133e-01   1.0034534449363869e+02 -1 48 #xyz ev1 fid bid
   0   0.000000000000e+00   0.000000000000e+00   0.000000000000e+00 #flag location
END_ERR 
BEGIN_ERR 
26 Small mesh segment detected on body : RadiatingSurface
 Small mesh segment detected on body : RadiatingSurface 
 Segment Statistics - Number of Segments : 1 --- Segment length(s) : 0.001845mm. The cutoff frequency for S-Matrix Only Solve is 1.62465803301237MHz 
2 -1  318  # nfids, fids[]
2 838  -1  # nbids, bids[]
      5 2 1 0 #ntets ntri ned npts
          -7.8832787000000015e-01  -1.9031918400000003e+00   8.6063407064361392e+00 #xyz tv0
          -1.4566399700000001e+00  -1.4566399700000001e+00   8.1581332843077785e+00 #xyz tv1
          -7.8281250000000047e-01  -2.3484374999999988e+00   8.9765625000000071e+00 #xyz tv2
          -1.4566399700000001e+00  -1.4566399700000001e+00   8.1562880193233429e+00 -1 838 #xyz tv3 fid bid
          -1.0606601700000005e+00  -1.0606601700000005e+00   8.0686902135543139e+00 #xyz tv0
          -1.4566399700000001e+00  -1.4566399700000001e+00   8.1581332843077785e+00 #xyz tv1
          -7.8832787000000015e-01  -1.9031918400000003e+00   8.6063407064361392e+00 #xyz tv2
          -1.4566399700000001e+00  -1.4566399700000001e+00   8.1562880193233429e+00 -1 838 #xyz tv3 fid bid
          -2.9949419992346624e+00  -2.1949699421403945e+00   8.5976800015493779e+00 #xyz tv0
          -1.4566399700000001e+00  -1.4566399700000001e+00   8.1581332843077785e+00 #xyz tv1
          -1.4566399700000001e+00  -1.4566399700000001e+00   8.1562880193233429e+00 #xyz tv2
          -7.8281250000000047e-01  -2.3484374999999988e+00   8.9765625000000071e+00 -1 838 #xyz tv3 fid bid
          -1.0606601700000005e+00  -1.0606601700000005e+00   8.0686902135543139e+00 #xyz tv0
          -1.4778366839632058e+00  -1.4308116990291304e+00   8.1321908879539944e+00 #xyz tv1
          -1.4566399700000001e+00  -1.4566399700000001e+00   8.1581332843077785e+00 #xyz tv2
          -1.4566399700000001e+00  -1.4566399700000001e+00   8.1562880193233429e+00 -1 838 #xyz tv3 fid bid
          -2.9949419992346624e+00  -2.1949699421403945e+00   8.5976800015493779e+00 #xyz tv0
          -1.4566399700000001e+00  -1.4566399700000001e+00   8.1562880193233429e+00 #xyz tv1
          -1.4566399700000001e+00  -1.4566399700000001e+00   8.1581332843077785e+00 #xyz tv2
          -1.4778366839632058e+00  -1.4308116990291304e+00   8.1321908879539944e+00 -1 838 #xyz tv3 fid bid
          -1.4566399700000001e+00  -1.4566399700000001e+00   8.1581332843077785e+00 #xyz tv0
          -1.4778366839632058e+00  -1.4308116990291304e+00   8.1321908879539944e+00 #xyz tv1
          -1.4566399700000001e+00  -1.4566399700000001e+00   8.1562880193233429e+00 318 -1 #xyz tv2 fid bid
          -7.8832787000000015e-01  -1.9031918400000003e+00   8.6063407064361392e+00 #xyz tv0
          -1.4566399700000001e+00  -1.4566399700000001e+00   8.1581332843077785e+00 #xyz tv1
          -1.4566399700000001e+00  -1.4566399700000001e+00   8.1562880193233429e+00 318 -1 #xyz tv2 fid bid
          -1.4566399700000001e+00  -1.4566399700000001e+00   8.1562880193233429e+00 #xyz ev0
          -1.4566399700000001e+00  -1.4566399700000001e+00   8.1581332843077785e+00 -1 838 #xyz ev1 fid bid
   0   0.000000000000e+00   0.000000000000e+00   0.000000000000e+00 #flag location
END_ERR 
BEGIN_ERR 
26 Small mesh segment detected on body : DielectricCoaxFinal
 Small mesh segment detected on body : DielectricCoaxFinal 
 Segment Statistics - Number of Segments : 1 --- Segment length(s) : 0.002746mm. The cutoff frequency for S-Matrix Only Solve is 1.09189507789526MHz 
3 -1  276  291  # nfids, fids[]
2 48  -1  # nbids, bids[]
      8 4 1 0 #ntets ntri ned npts
          -1.3876170002956847e+00   5.6498750018803223e-01   1.5508179501871036e+00 #xyz tv0
          -5.1790516363564654e-01   2.1162504007594823e-01   1.2424876905328581e+00 #xyz tv1
          -1.3885050716343954e+00   5.6052286401559548e-01   2.3169283949733890e+00 #xyz tv2
          -5.1737253999999999e-01   2.1430272000000000e-01   1.2421965729876747e+00 -1 48 #xyz tv3 fid bid
          -1.3885050716343954e+00   5.6052286401559548e-01   2.3169283949733890e+00 #xyz tv0
          -5.1790516363564654e-01   2.1162504007594823e-01   1.2424876905328581e+00 #xyz tv1
          -5.1737253999999999e-01   2.1430272000000000e-01   2.0094871612984671e+00 #xyz tv2
          -5.1737253999999999e-01   2.1430272000000000e-01   1.2421965729876747e+00 -1 48 #xyz tv3 fid bid
          -1.5000000000000000e+00   0.0000000000000000e+00   7.4962500000000953e-01 #xyz tv0
          -5.1790516363564654e-01   2.1162504007594823e-01   1.2424876905328581e+00 #xyz tv1
          -1.3876170002956847e+00   5.6498750018803223e-01   1.5508179501871036e+00 #xyz tv2
          -5.1737253999999999e-01   2.1430272000000000e-01   1.2421965729876747e+00 -1 48 #xyz tv3 fid bid
           5.1804272704701548e-01   2.1209340950823902e-01   2.0915100635916408e+00 #xyz tv0
          -5.1737253999999999e-01   2.1430272000000000e-01   2.0094871612984671e+00 #xyz tv1
          -5.1790516363564654e-01   2.1162504007594823e-01   1.2424876905328581e+00 #xyz tv2
          -5.1737253999999999e-01   2.1430272000000000e-01   1.2421965729876747e+00 -1 48 #xyz tv3 fid bid
          -5.1790516363564654e-01   2.1162504007594823e-01   1.2424876905328581e+00 #xyz tv0
          -5.1737253999999999e-01   2.1430272000000000e-01   5.8308886610074362e-01 #xyz tv1
          -5.1737253999999999e-01   2.1430272000000000e-01   1.2421965729876747e+00 #xyz tv2
          -1.5000000000000000e+00   0.0000000000000000e+00   7.4962500000000953e-01 -1 48 #xyz tv3 fid bid
           5.1804272704701548e-01   2.1209340950823902e-01   2.0915100635916408e+00 #xyz tv0
           5.1737253999999999e-01  -2.1430272000000000e-01   1.3700406037870361e+00 #xyz tv1
          -5.1737253999999999e-01   2.1430272000000000e-01   1.2421965729876747e+00 #xyz tv2
          -5.1790516363564654e-01   2.1162504007594823e-01   1.2424876905328581e+00 -1 48 #xyz tv3 fid bid
          -5.1790516363564654e-01   2.1162504007594823e-01   1.2424876905328581e+00 #xyz tv0
          -5.1737253999999999e-01   2.1430272000000000e-01   5.8308886610074362e-01 #xyz tv1
          -3.9597980000000021e-01   3.9597980000000021e-01   5.8365255257920479e-01 #xyz tv2
          -5.1737253999999999e-01   2.1430272000000000e-01   1.2421965729876747e+00 -1 48 #xyz tv3 fid bid
          -5.1737253999999999e-01   2.1430272000000000e-01   1.2421965729876747e+00 #xyz tv0
           5.1737253999999999e-01  -2.1430272000000000e-01   1.3700406037870361e+00 #xyz tv1
          -3.9597980000000021e-01   3.9597980000000021e-01   5.8365255257920479e-01 #xyz tv2
          -5.1790516363564654e-01   2.1162504007594823e-01   1.2424876905328581e+00 -1 48 #xyz tv3 fid bid
          -5.1737253999999999e-01   2.1430272000000000e-01   1.2421965729876747e+00 #xyz tv0
          -5.1737253999999999e-01   2.1430272000000000e-01   5.8308886610074362e-01 #xyz tv1
          -5.1790516363564654e-01   2.1162504007594823e-01   1.2424876905328581e+00 276 -1 #xyz tv2 fid bid
          -5.1737253999999999e-01   2.1430272000000000e-01   1.2421965729876747e+00 #xyz tv0
          -5.1737253999999999e-01   2.1430272000000000e-01   5.8308886610074362e-01 #xyz tv1
          -5.1790516363564654e-01   2.1162504007594823e-01   1.2424876905328581e+00 291 -1 #xyz tv2 fid bid
          -5.1790516363564654e-01   2.1162504007594823e-01   1.2424876905328581e+00 #xyz tv0
          -5.1737253999999999e-01   2.1430272000000000e-01   2.0094871612984671e+00 #xyz tv1
          -5.1737253999999999e-01   2.1430272000000000e-01   1.2421965729876747e+00 276 -1 #xyz tv2 fid bid
          -5.1790516363564654e-01   2.1162504007594823e-01   1.2424876905328581e+00 #xyz tv0
          -5.1737253999999999e-01   2.1430272000000000e-01   2.0094871612984671e+00 #xyz tv1
          -5.1737253999999999e-01   2.1430272000000000e-01   1.2421965729876747e+00 291 -1 #xyz tv2 fid bid
          -5.1790516363564654e-01   2.1162504007594823e-01   1.2424876905328581e+00 #xyz ev0
          -5.1737253999999999e-01   2.1430272000000000e-01   1.2421965729876747e+00 -1 48 #xyz ev1 fid bid
   0   0.000000000000e+00   0.000000000000e+00   0.000000000000e+00 #flag location
END_ERR 
BEGIN_ERR 
26 Small mesh segment detected on body : DielectricCoaxFinal
 Small mesh segment detected on body : DielectricCoaxFinal 
 Segment Statistics - Number of Segments : 1 --- Segment length(s) : 0.002747mm. The cutoff frequency for S-Matrix Only Solve is 1.09118417898587MHz 
3 -1  276  291  # nfids, fids[]
2 48  -1  # nbids, bids[]
      7 4 1 0 #ntets ntri ned npts
          -5.1737253999999999e-01   2.1430272000000000e-01   2.0094871612984671e+00 #xyz tv0
          -1.0658687340916553e+00   1.0528650030892206e+00   1.5796520322894894e+00 #xyz tv1
          -3.9738249204294468e-01   3.9388052293860887e-01   1.1495208852636876e+00 #xyz tv2
          -3.9597980000000021e-01   3.9597980000000021e-01   1.1484375000000075e+00 -1 48 #xyz tv3 fid bid
           5.1804272704701548e-01   2.1209340950823902e-01   2.0915100635916408e+00 #xyz tv0
          -3.9597980000000021e-01   3.9597980000000021e-01   1.1484375000000075e+00 #xyz tv1
          -5.1737253999999999e-01   2.1430272000000000e-01   2.0094871612984671e+00 #xyz tv2
          -3.9738249204294468e-01   3.9388052293860887e-01   1.1495208852636876e+00 -1 48 #xyz tv3 fid bid
          -1.0658281671132888e+00   1.0529257158618517e+00   1.5673488891021259e+00 #xyz tv0
          -3.9738249204294468e-01   3.9388052293860887e-01   1.1495208852636876e+00 #xyz tv1
          -1.0658687340916553e+00   1.0528650030892206e+00   1.5796520322894894e+00 #xyz tv2
          -3.9597980000000021e-01   3.9597980000000021e-01   1.1484375000000075e+00 -1 48 #xyz tv3 fid bid
           5.1737253999999999e-01  -2.1430272000000000e-01   1.3700406037870361e+00 #xyz tv0
          -3.9738249204294468e-01   3.9388052293860887e-01   1.1495208852636876e+00 #xyz tv1
          -3.9597980000000021e-01   3.9597980000000021e-01   1.1484375000000075e+00 #xyz tv2
           5.1804272704701548e-01   2.1209340950823902e-01   2.0915100635916408e+00 -1 48 #xyz tv3 fid bid
          -1.3858193000000001e+00   5.7402514999999998e-01   7.6807579845248009e-01 #xyz tv0
          -3.9738249204294468e-01   3.9388052293860887e-01   1.1495208852636876e+00 #xyz tv1
          -1.0658281671132888e+00   1.0529257158618517e+00   1.5673488891021259e+00 #xyz tv2
          -3.9597980000000021e-01   3.9597980000000021e-01   1.1484375000000075e+00 -1 48 #xyz tv3 fid bid
          -3.9597980000000021e-01   3.9597980000000021e-01   5.8365255257920479e-01 #xyz tv0
           5.1737253999999999e-01  -2.1430272000000000e-01   1.3700406037870361e+00 #xyz tv1
          -3.9738249204294468e-01   3.9388052293860887e-01   1.1495208852636876e+00 #xyz tv2
          -3.9597980000000021e-01   3.9597980000000021e-01   1.1484375000000075e+00 -1 48 #xyz tv3 fid bid
          -3.9738249204294468e-01   3.9388052293860887e-01   1.1495208852636876e+00 #xyz tv0
          -3.9597980000000021e-01   3.9597980000000021e-01   5.8365255257920479e-01 #xyz tv1
          -3.9597980000000021e-01   3.9597980000000021e-01   1.1484375000000075e+00 #xyz tv2
          -1.3858193000000001e+00   5.7402514999999998e-01   7.6807579845248009e-01 -1 48 #xyz tv3 fid bid
          -3.9597980000000021e-01   3.9597980000000021e-01   5.8365255257920479e-01 #xyz tv0
          -3.9738249204294468e-01   3.9388052293860887e-01   1.1495208852636876e+00 #xyz tv1
          -3.9597980000000021e-01   3.9597980000000021e-01   1.1484375000000075e+00 276 -1 #xyz tv2 fid bid
          -3.9597980000000021e-01   3.9597980000000021e-01   5.8365255257920479e-01 #xyz tv0
          -3.9738249204294468e-01   3.9388052293860887e-01   1.1495208852636876e+00 #xyz tv1
          -3.9597980000000021e-01   3.9597980000000021e-01   1.1484375000000075e+00 291 -1 #xyz tv2 fid bid
          -5.1737253999999999e-01   2.1430272000000000e-01   2.0094871612984671e+00 #xyz tv0
          -3.9597980000000021e-01   3.9597980000000021e-01   1.1484375000000075e+00 #xyz tv1
          -3.9738249204294468e-01   3.9388052293860887e-01   1.1495208852636876e+00 276 -1 #xyz tv2 fid bid
          -5.1737253999999999e-01   2.1430272000000000e-01   2.0094871612984671e+00 #xyz tv0
          -3.9597980000000021e-01   3.9597980000000021e-01   1.1484375000000075e+00 #xyz tv1
          -3.9738249204294468e-01   3.9388052293860887e-01   1.1495208852636876e+00 291 -1 #xyz tv2 fid bid
          -3.9738249204294468e-01   3.9388052293860887e-01   1.1495208852636876e+00 #xyz ev0
          -3.9597980000000021e-01   3.9597980000000021e-01   1.1484375000000075e+00 -1 48 #xyz ev1 fid bid
   0   0.000000000000e+00   0.000000000000e+00   0.000000000000e+00 #flag location
END_ERR 
BEGIN_ERR 
26 Small mesh segment detected on body : OutterCoaxFinal
 Small mesh segment detected on body : OutterCoaxFinal 
 Segment Statistics - Number of Segments : 1 --- Segment length(s) : 0.004631mm. The cutoff frequency for S-Matrix Only Solve is 999.308193333333kHz 
3 -1  55  132  # nfids, fids[]
2 115  -1  # nbids, bids[]
      6 4 1 0 #ntets ntri ned npts
          -7.4841124662974138e+01   1.3858193000000001e+00   9.9425974850000017e+01 #xyz tv0
          -7.4845755423032315e+01   1.3858193000000001e+00   9.9425974850000017e+01 #xyz tv1
          -7.4965429962363856e+01   1.9031918400000003e+00   9.9211672129999997e+01 #xyz tv2
          -7.4548874618596656e+01   1.5000000000000000e+00   1.0000000000000001e+02 -1 115 #xyz tv3 fid bid
          -7.4845755423032315e+01   1.3858193000000001e+00   9.9425974850000017e+01 #xyz tv0
          -7.5588825054503801e+01   1.0606601700000005e+00   9.8939339829999994e+01 #xyz tv1
          -7.4841124662974138e+01   1.3858193000000001e+00   9.9425974850000017e+01 #xyz tv2
          -7.4965429962363856e+01   1.9031918400000003e+00   9.9211672129999997e+01 -1 115 #xyz tv3 fid bid
          -7.4341004063191207e+01   5.6000000000000005e-01   1.0000000000000001e+02 #xyz tv0
          -7.4841124662974138e+01   1.3858193000000001e+00   9.9425974850000017e+01 #xyz tv1
          -7.4548874618596656e+01   1.5000000000000000e+00   1.0000000000000001e+02 #xyz tv2
          -7.4845755423032315e+01   1.3858193000000001e+00   9.9425974850000017e+01 -1 115 #xyz tv3 fid bid
          -7.4316826606810849e+01   4.8635421750971242e-01   9.9722798338117670e+01 #xyz tv0
          -7.4841124662974138e+01   1.3858193000000001e+00   9.9425974850000017e+01 #xyz tv1
          -7.4845755423032315e+01   1.3858193000000001e+00   9.9425974850000017e+01 #xyz tv2
          -7.5588825054503801e+01   1.0606601700000005e+00   9.8939339829999994e+01 -1 115 #xyz tv3 fid bid
          -7.4341004063191207e+01   5.6000000000000005e-01   1.0000000000000001e+02 #xyz tv0
          -7.4296639175385096e+01   5.1733829049523639e-01   9.9785614623635098e+01 #xyz tv1
          -7.4841124662974138e+01   1.3858193000000001e+00   9.9425974850000017e+01 #xyz tv2
          -7.4845755423032315e+01   1.3858193000000001e+00   9.9425974850000017e+01 -1 115 #xyz tv3 fid bid
          -7.4316826606810849e+01   4.8635421750971242e-01   9.9722798338117670e+01 #xyz tv0
          -7.4845755423032315e+01   1.3858193000000001e+00   9.9425974850000017e+01 #xyz tv1
          -7.4841124662974138e+01   1.3858193000000001e+00   9.9425974850000017e+01 #xyz tv2
          -7.4296639175385096e+01   5.1733829049523639e-01   9.9785614623635098e+01 -1 115 #xyz tv3 fid bid
          -7.5588825054503801e+01   1.0606601700000005e+00   9.8939339829999994e+01 #xyz tv0
          -7.4845755423032315e+01   1.3858193000000001e+00   9.9425974850000017e+01 #xyz tv1
          -7.4841124662974138e+01   1.3858193000000001e+00   9.9425974850000017e+01 55 -1 #xyz tv2 fid bid
          -7.5588825054503801e+01   1.0606601700000005e+00   9.8939339829999994e+01 #xyz tv0
          -7.4845755423032315e+01   1.3858193000000001e+00   9.9425974850000017e+01 #xyz tv1
          -7.4841124662974138e+01   1.3858193000000001e+00   9.9425974850000017e+01 132 -1 #xyz tv2 fid bid
          -7.4845755423032315e+01   1.3858193000000001e+00   9.9425974850000017e+01 #xyz tv0
          -7.4548874618596656e+01   1.5000000000000000e+00   1.0000000000000001e+02 #xyz tv1
          -7.4841124662974138e+01   1.3858193000000001e+00   9.9425974850000017e+01 55 -1 #xyz tv2 fid bid
          -7.4845755423032315e+01   1.3858193000000001e+00   9.9425974850000017e+01 #xyz tv0
          -7.4548874618596656e+01   1.5000000000000000e+00   1.0000000000000001e+02 #xyz tv1
          -7.4841124662974138e+01   1.3858193000000001e+00   9.9425974850000017e+01 132 -1 #xyz tv2 fid bid
          -7.4845755423032315e+01   1.3858193000000001e+00   9.9425974850000017e+01 #xyz ev0
          -7.4841124662974138e+01   1.3858193000000001e+00   9.9425974850000017e+01 -1 115 #xyz ev1 fid bid
   0   0.000000000000e+00   0.000000000000e+00   0.000000000000e+00 #flag location
END_ERR 
BEGIN_ERR 
26 Small mesh segment detected on body : DielectricCoaxFinal
 Small mesh segment detected on body : DielectricCoaxFinal 
 Segment Statistics - Number of Segments : 1 --- Segment length(s) : 0.004634mm. The cutoff frequency for S-Matrix Only Solve is 999.308193333333kHz 
3 -1  276  291  # nfids, fids[]
2 48  -1  # nbids, bids[]
      7 4 1 0 #ntets ntri ned npts
          -1.3885050716343954e+00   5.6052286401559548e-01   2.3169283949733890e+00 #xyz tv0
          -5.1823455617210090e-01   2.0996907191575528e-01   2.0108842552128920e+00 #xyz tv1
          -1.3858193000000001e+00   5.7402514999999998e-01   2.3227959874723769e+00 #xyz tv2
          -5.1737253999999999e-01   2.1430272000000000e-01   2.0094871612984671e+00 -1 48 #xyz tv3 fid bid
          -5.1823455617210090e-01   2.0996907191575528e-01   2.0108842552128920e+00 #xyz tv0
          -1.0698668535536888e+00   1.0468813945577033e+00   2.7922007160342637e+00 #xyz tv1
          -1.3858193000000001e+00   5.7402514999999998e-01   2.3227959874723769e+00 #xyz tv2
          -5.1737253999999999e-01   2.1430272000000000e-01   2.0094871612984671e+00 -1 48 #xyz tv3 fid bid
          -5.6000000000000005e-01   0.0000000000000000e+00   1.2654955794193758e+00 #xyz tv0
          -5.1823455617210090e-01   2.0996907191575528e-01   2.0108842552128920e+00 #xyz tv1
          -1.3885050716343954e+00   5.6052286401559548e-01   2.3169283949733890e+00 #xyz tv2
          -5.1737253999999999e-01   2.1430272000000000e-01   2.0094871612984671e+00 -1 48 #xyz tv3 fid bid
           5.1804272704701548e-01   2.1209340950823902e-01   2.0915100635916408e+00 #xyz tv0
          -5.6000000000000005e-01   0.0000000000000000e+00   1.2654955794193758e+00 #xyz tv1
          -5.1737253999999999e-01   2.1430272000000000e-01   2.0094871612984671e+00 #xyz tv2
          -5.1823455617210090e-01   2.0996907191575528e-01   2.0108842552128920e+00 -1 48 #xyz tv3 fid bid
          -1.0606601700000005e+00   1.0606601700000005e+00   2.8286175000000071e+00 #xyz tv0
          -1.0698668535536888e+00   1.0468813945577033e+00   2.7922007160342637e+00 #xyz tv1
          -5.1823455617210090e-01   2.0996907191575528e-01   2.0108842552128920e+00 #xyz tv2
          -5.1737253999999999e-01   2.1430272000000000e-01   2.0094871612984671e+00 -1 48 #xyz tv3 fid bid
           5.1804272704701548e-01   2.1209340950823902e-01   2.0915100635916408e+00 #xyz tv0
          -5.1737253999999999e-01   2.1430272000000000e-01   2.0094871612984671e+00 #xyz tv1
          -5.1859225380770824e-01   2.0817080440818589e-01   2.8453100662931341e+00 #xyz tv2
          -5.1823455617210090e-01   2.0996907191575528e-01   2.0108842552128920e+00 -1 48 #xyz tv3 fid bid
          -5.1737253999999999e-01   2.1430272000000000e-01   2.0094871612984671e+00 #xyz tv0
          -1.0606601700000005e+00   1.0606601700000005e+00   2.8286175000000071e+00 #xyz tv1
          -5.1859225380770824e-01   2.0817080440818589e-01   2.8453100662931341e+00 #xyz tv2
          -5.1823455617210090e-01   2.0996907191575528e-01   2.0108842552128920e+00 -1 48 #xyz tv3 fid bid
          -5.1859225380770824e-01   2.0817080440818589e-01   2.8453100662931341e+00 #xyz tv0
          -5.1737253999999999e-01   2.1430272000000000e-01   2.0094871612984671e+00 #xyz tv1
          -5.1823455617210090e-01   2.0996907191575528e-01   2.0108842552128920e+00 276 -1 #xyz tv2 fid bid
          -5.1859225380770824e-01   2.0817080440818589e-01   2.8453100662931341e+00 #xyz tv0
          -5.1737253999999999e-01   2.1430272000000000e-01   2.0094871612984671e+00 #xyz tv1
          -5.1823455617210090e-01   2.0996907191575528e-01   2.0108842552128920e+00 291 -1 #xyz tv2 fid bid
          -5.1737253999999999e-01   2.1430272000000000e-01   2.0094871612984671e+00 #xyz tv0
          -5.6000000000000005e-01   0.0000000000000000e+00   1.2654955794193758e+00 #xyz tv1
          -5.1823455617210090e-01   2.0996907191575528e-01   2.0108842552128920e+00 276 -1 #xyz tv2 fid bid
          -5.1737253999999999e-01   2.1430272000000000e-01   2.0094871612984671e+00 #xyz tv0
          -5.6000000000000005e-01   0.0000000000000000e+00   1.2654955794193758e+00 #xyz tv1
          -5.1823455617210090e-01   2.0996907191575528e-01   2.0108842552128920e+00 291 -1 #xyz tv2 fid bid
          -5.1737253999999999e-01   2.1430272000000000e-01   2.0094871612984671e+00 #xyz ev0
          -5.1823455617210090e-01   2.0996907191575528e-01   2.0108842552128920e+00 -1 48 #xyz ev1 fid bid
   0   0.000000000000e+00   0.000000000000e+00   0.000000000000e+00 #flag location
END_ERR 
BEGIN_ERR 
26 Small mesh segment detected on body : DielectricCoaxFinal
 Small mesh segment detected on body : DielectricCoaxFinal 
 Segment Statistics - Number of Segments : 1 --- Segment length(s) : 0.005039mm. The cutoff frequency for S-Matrix Only Solve is 999.308193333333kHz 
3 -1  276  291  # nfids, fids[]
2 48  -1  # nbids, bids[]
      6 4 1 0 #ntets ntri ned npts
           5.2229368262972231e-01  -1.9689484247003972e-01   1.4818285189071261e+01 #xyz tv0
           5.1958347307811159e-01  -2.0701425080650260e-01   1.3787656654097942e+01 #xyz tv1
           5.2167815201872614e-01  -2.0010902012354817e-01   1.4814453568440856e+01 #xyz tv2
           1.5000000000000000e+00   0.0000000000000000e+00   1.3565100512601639e+01 -1 48 #xyz tv3 fid bid
           1.3994110082640439e+00  -5.2921929087112085e-01   1.5688808058415532e+01 #xyz tv0
           1.5000000000000000e+00   0.0000000000000000e+00   1.3565100512601639e+01 #xyz tv1
           5.2229368262972231e-01  -1.9689484247003972e-01   1.4818285189071261e+01 #xyz tv2
           5.2167815201872614e-01  -2.0010902012354817e-01   1.4814453568440856e+01 -1 48 #xyz tv3 fid bid
           5.2229368262972231e-01  -1.9689484247003972e-01   1.4818285189071261e+01 #xyz tv0
           5.2200480090493073e-01   1.9903220311458297e-01   1.4456292975207278e+01 #xyz tv1
           5.2167815201872614e-01  -2.0010902012354817e-01   1.4814453568440856e+01 #xyz tv2
           5.1958347307811159e-01  -2.0701425080650260e-01   1.3787656654097942e+01 -1 48 #xyz tv3 fid bid
           5.2218537922803820e-01  -1.9843691619341261e-01   1.5570863888820655e+01 #xyz tv0
           1.3994110082640439e+00  -5.2921929087112085e-01   1.5688808058415532e+01 #xyz tv1
           5.2229368262972231e-01  -1.9689484247003972e-01   1.4818285189071261e+01 #xyz tv2
           5.2167815201872614e-01  -2.0010902012354817e-01   1.4814453568440856e+01 -1 48 #xyz tv3 fid bid
           5.2229368262972231e-01  -1.9689484247003972e-01   1.4818285189071261e+01 #xyz tv0
           5.2167815201872614e-01  -2.0010902012354817e-01   1.4814453568440856e+01 #xyz tv1
           5.2200480090493073e-01   1.9903220311458297e-01   1.4456292975207278e+01 #xyz tv2
           4.0664236096367079e-01  -3.8298743039854383e-01   1.5238984821725920e+01 -1 48 #xyz tv3 fid bid
           5.2229368262972231e-01  -1.9689484247003972e-01   1.4818285189071261e+01 #xyz tv0
           5.2218537922803820e-01  -1.9843691619341261e-01   1.5570863888820655e+01 #xyz tv1
           5.2167815201872614e-01  -2.0010902012354817e-01   1.4814453568440856e+01 #xyz tv2
           4.0664236096367079e-01  -3.8298743039854383e-01   1.5238984821725920e+01 -1 48 #xyz tv3 fid bid
           5.2167815201872614e-01  -2.0010902012354817e-01   1.4814453568440856e+01 #xyz tv0
           5.2229368262972231e-01  -1.9689484247003972e-01   1.4818285189071261e+01 #xyz tv1
           5.2218537922803820e-01  -1.9843691619341261e-01   1.5570863888820655e+01 276 -1 #xyz tv2 fid bid
           5.2167815201872614e-01  -2.0010902012354817e-01   1.4814453568440856e+01 #xyz tv0
           5.2229368262972231e-01  -1.9689484247003972e-01   1.4818285189071261e+01 #xyz tv1
           5.2218537922803820e-01  -1.9843691619341261e-01   1.5570863888820655e+01 291 -1 #xyz tv2 fid bid
           5.1958347307811159e-01  -2.0701425080650260e-01   1.3787656654097942e+01 #xyz tv0
           5.2229368262972231e-01  -1.9689484247003972e-01   1.4818285189071261e+01 #xyz tv1
           5.2167815201872614e-01  -2.0010902012354817e-01   1.4814453568440856e+01 276 -1 #xyz tv2 fid bid
           5.1958347307811159e-01  -2.0701425080650260e-01   1.3787656654097942e+01 #xyz tv0
           5.2229368262972231e-01  -1.9689484247003972e-01   1.4818285189071261e+01 #xyz tv1
           5.2167815201872614e-01  -2.0010902012354817e-01   1.4814453568440856e+01 291 -1 #xyz tv2 fid bid
           5.2167815201872614e-01  -2.0010902012354817e-01   1.4814453568440856e+01 #xyz ev0
           5.2229368262972231e-01  -1.9689484247003972e-01   1.4818285189071261e+01 -1 48 #xyz ev1 fid bid
   0   0.000000000000e+00   0.000000000000e+00   0.000000000000e+00 #flag location
END_ERR 
G3dErrFileVersion 2018P3.1
FlagFileMetaData Begin
   Mesh Size - Setup1, Refinement, Pass #1, Freq. 9.150000e+08 :Title    
   Listing of mesh elements with poor quality. :ToolTip  
   hf3d :Author   
   1737575127 :TimeStamp
FlagFileMetaData End
BEGIN_ERR 
26 Small mesh segment detected on body : DielectricCoaxFinal
 Small mesh segment detected on body : DielectricCoaxFinal 
 Segment Statistics - Number of Segments : 1 --- Segment length(s) : 0.001397mm. The cutoff frequency for S-Matrix Only Solve is 2.14580291140084MHz 
3 -1  32  63  # nfids, fids[]
2 48  -1  # nbids, bids[]
      6 4 1 0 #ntets ntri ned npts
           6.5721667948941317e+01   1.0189771030916033e+00   9.8905131420103004e+01 #xyz tv0
           6.8171417946477064e+01   9.0049097460954053e-01   9.8832318193484895e+01 #xyz tv1
           6.6918949414583935e+01   3.8137630139563977e-01   9.9592169445731869e+01 #xyz tv2
           6.6920100169950260e+01   3.8204919544781674e-01   9.9592587649598883e+01 -1 48 #xyz tv3 fid bid
           6.6124394089692657e+01   3.8101773825001578e-01   9.9591741154649128e+01 #xyz tv0
           6.5721667948941317e+01   1.0189771030916033e+00   9.8905131420103004e+01 #xyz tv1
           6.6918949414583935e+01   3.8137630139563977e-01   9.9592169445731869e+01 #xyz tv2
           6.6920100169950260e+01   3.8204919544781674e-01   9.9592587649598883e+01 -1 48 #xyz tv3 fid bid
           6.8171417946477064e+01   9.0049097460954053e-01   9.8832318193484895e+01 #xyz tv0
           6.7712377743049373e+01   3.8361233059624100e-01   9.9593870481316728e+01 #xyz tv1
           6.6918949414583935e+01   3.8137630139563977e-01   9.9592169445731869e+01 #xyz tv2
           6.6920100169950260e+01   3.8204919544781674e-01   9.9592587649598883e+01 -1 48 #xyz tv3 fid bid
           6.6539062500000000e+01   5.6000000000000005e-01   1.0000000000000001e+02 #xyz tv0
           6.6918949414583935e+01   3.8137630139563977e-01   9.9592169445731869e+01 #xyz tv1
           6.6920100169950260e+01   3.8204919544781674e-01   9.9592587649598883e+01 #xyz tv2
           6.6124394089692657e+01   3.8101773825001578e-01   9.9591741154649128e+01 -1 48 #xyz tv3 fid bid
