G3dErrFileVersion 2018P3.1
FlagFileMetaData Begin
   Mesh Size - Setup1, Refinement, Pass #1, Freq. 8.150000e+08 :Title    
   Listing of mesh elements with poor quality. :ToolTip  
   hf3d :Author   
   1738366343 :TimeStamp
FlagFileMetaData End
BEGIN_ERR 
26 Small mesh segment detected on body : RadiationBox
 Small mesh segment detected on body : RadiationBox 
 Segment Statistics - Number of Segments : 1 --- Segment length(s) : 0.002289mm. The cutoff frequency for S-Matrix Only Solve is 1.30995281621548MHz 
2 -1  202  # nfids, fids[]
2 234  -1  # nbids, bids[]
      4 2 1 0 #ntets ntri ned npts
           9.8862109643355325e+01   5.1836814626658509e+01  -5.5195564999335156e-01 #xyz tv0
           9.9728902974965337e+01   5.2473392983518167e+01  -1.1375535038601052e+00 #xyz tv1
           9.9744149499649680e+01   5.2463205581520860e+01  -1.2507876370914190e+00 #xyz tv2
           9.9730621515977148e+01   5.2472244691136893e+01  -1.1385361607331586e+00 -1 234 #xyz tv3 fid bid
           9.9946204182691758e+01   5.2410700653233263e+01  -1.0719910955489418e+00 #xyz tv0
           9.9744149499649680e+01   5.2463205581520860e+01  -1.2507876370914190e+00 #xyz tv1
           9.9728902974965337e+01   5.2473392983518167e+01  -1.1375535038601052e+00 #xyz tv2
           9.9730621515977148e+01   5.2472244691136893e+01  -1.1385361607331586e+00 -1 234 #xyz tv3 fid bid
           9.8862109643355325e+01   5.1836814626658509e+01  -5.5195564999335156e-01 #xyz tv0
           9.9728902974965337e+01   5.2473392983518167e+01  -1.1375535038601052e+00 #xyz tv1
           9.9730621515977148e+01   5.2472244691136893e+01  -1.1385361607331586e+00 #xyz tv2
           9.9770389940000058e+01   5.2445672280000025e+01  -1.1432107662034972e+00 -1 234 #xyz tv3 fid bid
           9.9770389940000058e+01   5.2445672280000025e+01  -1.1432107662034972e+00 #xyz tv0
           9.9946204182691758e+01   5.2410700653233263e+01  -1.0719910955489418e+00 #xyz tv1
           9.9728902974965337e+01   5.2473392983518167e+01  -1.1375535038601052e+00 #xyz tv2
           9.9730621515977148e+01   5.2472244691136893e+01  -1.1385361607331586e+00 -1 234 #xyz tv3 fid bid
           9.9770389940000058e+01   5.2445672280000025e+01  -1.1432107662034972e+00 #xyz tv0
           9.9728902974965337e+01   5.2473392983518167e+01  -1.1375535038601052e+00 #xyz tv1
           9.9730621515977148e+01   5.2472244691136893e+01  -1.1385361607331586e+00 202 -1 #xyz tv2 fid bid
           9.9728902974965337e+01   5.2473392983518167e+01  -1.1375535038601052e+00 #xyz tv0
           9.9744149499649680e+01   5.2463205581520860e+01  -1.2507876370914190e+00 #xyz tv1
           9.9730621515977148e+01   5.2472244691136893e+01  -1.1385361607331586e+00 202 -1 #xyz tv2 fid bid
           9.9728902974965337e+01   5.2473392983518167e+01  -1.1375535038601052e+00 #xyz ev0
           9.9730621515977148e+01   5.2472244691136893e+01  -1.1385361607331586e+00 -1 234 #xyz ev1 fid bid
   0   0.000000000000e+00   0.000000000000e+00   0.000000000000e+00 #flag location
END_ERR 
BEGIN_ERR 
26 Small mesh segment detected on body : RadiationBox
 Small mesh segment detected on body : RadiationBox 
 Segment Statistics - Number of Segments : 1 --- Segment length(s) : 0.003470mm. The cutoff frequency for S-Matrix Only Solve is 863.833499812496kHz 
2 -1  211  # nfids, fids[]
2 234  -1  # nbids, bids[]
      4 2 1 0 #ntets ntri ned npts
           9.8862109643355325e+01   5.1836814626658509e+01  -5.5195564999335156e-01 #xyz tv0
           9.9634005776901205e+01   5.2141594453528512e+01  -1.5279151022291841e+00 #xyz tv1
           9.9575735929999993e+01   5.2109684047157842e+01  -1.5757359300000000e+00 #xyz tv2
           9.9575735929999993e+01   5.2106213558249216e+01  -1.5757359300000000e+00 -1 234 #xyz tv3 fid bid
           9.9575735929999993e+01   5.2106213558249216e+01  -1.5757359300000000e+00 #xyz tv0
           9.9575735929999993e+01   5.2109684047157842e+01  -1.5757359300000000e+00 #xyz tv1
           9.9715893154320753e+01   5.2180914828735744e+01  -1.4820858676713335e+00 #xyz tv2
           9.9634005776901205e+01   5.2141594453528512e+01  -1.5279151022291841e+00 -1 234 #xyz tv3 fid bid
           9.8862109643355325e+01   5.1836814626658509e+01  -5.5195564999335156e-01 #xyz tv0
           9.9445672279999997e+01   5.2128717859176078e+01  -1.7703899400000009e+00 #xyz tv1
           9.9575735929999993e+01   5.2106213558249216e+01  -1.5757359300000000e+00 #xyz tv2
           9.9575735929999993e+01   5.2109684047157842e+01  -1.5757359300000000e+00 -1 234 #xyz tv3 fid bid
           9.9575735929999993e+01   5.2106213558249216e+01  -1.5757359300000000e+00 #xyz tv0
           9.9715893154320753e+01   5.2180914828735744e+01  -1.4820858676713335e+00 #xyz tv1
           9.9575735929999993e+01   5.2109684047157842e+01  -1.5757359300000000e+00 #xyz tv2
           9.9445672279999997e+01   5.2128717859176078e+01  -1.7703899400000009e+00 -1 234 #xyz tv3 fid bid
           9.9575735929999993e+01   5.2106213558249216e+01  -1.5757359300000000e+00 #xyz tv0
           9.9634005776901205e+01   5.2141594453528512e+01  -1.5279151022291841e+00 #xyz tv1
           9.9575735929999993e+01   5.2109684047157842e+01  -1.5757359300000000e+00 211 -1 #xyz tv2 fid bid
           9.9445672279999997e+01   5.2128717859176078e+01  -1.7703899400000009e+00 #xyz tv0
           9.9575735929999993e+01   5.2106213558249216e+01  -1.5757359300000000e+00 #xyz tv1
           9.9575735929999993e+01   5.2109684047157842e+01  -1.5757359300000000e+00 211 -1 #xyz tv2 fid bid
           9.9575735929999993e+01   5.2109684047157842e+01  -1.5757359300000000e+00 #xyz ev0
           9.9575735929999993e+01   5.2106213558249216e+01  -1.5757359300000000e+00 -1 234 #xyz ev1 fid bid
   0   0.000000000000e+00   0.000000000000e+00   0.000000000000e+00 #flag location
END_ERR 
G3dErrFileVersion 2018P3.1
FlagFileMetaData Begin
   Mesh Size - Setup1, Refinement, Pass #1, Freq. 9.150000e+08 :Title    
   Listing of mesh elements with poor quality. :ToolTip  
   hf3d :Author   
   1738366345 :TimeStamp
FlagFileMetaData End
BEGIN_ERR 
26 Small mesh segment detected on body : RadiationBox
 Small mesh segment detected on body : RadiationBox 
 Segment Statistics - Number of Segments : 1 --- Segment length(s) : 0.002289mm. The cutoff frequency for S-Matrix Only Solve is 1.30995281621548MHz 
2 -1  202  # nfids, fids[]
2 234  -1  # nbids, bids[]
      4 2 1 0 #ntets ntri ned npts
           9.8862109643355325e+01   5.1836814626658509e+01  -5.5195564999335156e-01 #xyz tv0
           9.9728902974965337e+01   5.2473392983518167e+01  -1.1375535038601052e+00 #xyz tv1
           9.9744149499649680e+01   5.2463205581520860e+01  -1.2507876370914190e+00 #xyz tv2
           9.9730621515977148e+01   5.2472244691136893e+01  -1.1385361607331586e+00 -1 234 #xyz tv3 fid bid
           9.9946204182691758e+01   5.2410700653233263e+01  -1.0719910955489418e+00 #xyz tv0
           9.9744149499649680e+01   5.2463205581520860e+01  -1.2507876370914190e+00 #xyz tv1
           9.9728902974965337e+01   5.2473392983518167e+01  -1.1375535038601052e+00 #xyz tv2
           9.9730621515977148e+01   5.2472244691136893e+01  -1.1385361607331586e+00 -1 234 #xyz tv3 fid bid
           9.8862109643355325e+01   5.1836814626658509e+01  -5.5195564999335156e-01 #xyz tv0
           9.9728902974965337e+01   5.2473392983518167e+01  -1.1375535038601052e+00 #xyz tv1
           9.9730621515977148e+01   5.2472244691136893e+01  -1.1385361607331586e+00 #xyz tv2
           9.9770389940000058e+01   5.2445672280000025e+01  -1.1432107662034972e+00 -1 234 #xyz tv3 fid bid
           9.9770389940000058e+01   5.2445672280000025e+01  -1.1432107662034972e+00 #xyz tv0
           9.9946204182691758e+01   5.2410700653233263e+01  -1.0719910955489418e+00 #xyz tv1
           9.9728902974965337e+01   5.2473392983518167e+01  -1.1375535038601052e+00 #xyz tv2
           9.9730621515977148e+01   5.2472244691136893e+01  -1.1385361607331586e+00 -1 234 #xyz tv3 fid bid
           9.9770389940000058e+01   5.2445672280000025e+01  -1.1432107662034972e+00 #xyz tv0
           9.9728902974965337e+01   5.2473392983518167e+01  -1.1375535038601052e+00 #xyz tv1
           9.9730621515977148e+01   5.2472244691136893e+01  -1.1385361607331586e+00 202 -1 #xyz tv2 fid bid
           9.9728902974965337e+01   5.2473392983518167e+01  -1.1375535038601052e+00 #xyz tv0
           9.9744149499649680e+01   5.2463205581520860e+01  -1.2507876370914190e+00 #xyz tv1
           9.9730621515977148e+01   5.2472244691136893e+01  -1.1385361607331586e+00 202 -1 #xyz tv2 fid bid
           9.9728902974965337e+01   5.2473392983518167e+01  -1.1375535038601052e+00 #xyz ev0
           9.9730621515977148e+01   5.2472244691136893e+01  -1.1385361607331586e+00 -1 234 #xyz ev1 fid bid
   0   0.000000000000e+00   0.000000000000e+00   0.000000000000e+00 #flag location
END_ERR 
BEGIN_ERR 
26 Small mesh segment detected on body : RadiationBox
 Small mesh segment detected on body : RadiationBox 
 Segment Statistics - Number of Segments : 1 --- Segment length(s) : 0.003470mm. The cutoff frequency for S-Matrix Only Solve is 863.833499812496kHz 
2 -1  211  # nfids, fids[]
2 234  -1  # nbids, bids[]
      4 2 1 0 #ntets ntri ned npts
           9.8862109643355325e+01   5.1836814626658509e+01  -5.5195564999335156e-01 #xyz tv0
           9.9634005776901205e+01   5.2141594453528512e+01  -1.5279151022291841e+00 #xyz tv1
           9.9575735929999993e+01   5.2109684047157842e+01  -1.5757359300000000e+00 #xyz tv2
           9.9575735929999993e+01   5.2106213558249216e+01  -1.5757359300000000e+00 -1 234 #xyz tv3 fid bid
           9.9575735929999993e+01   5.2106213558249216e+01  -1.5757359300000000e+00 #xyz tv0
           9.9575735929999993e+01   5.2109684047157842e+01  -1.5757359300000000e+00 #xyz tv1
           9.9715893154320753e+01   5.2180914828735744e+01  -1.4820858676713335e+00 #xyz tv2
           9.9634005776901205e+01   5.2141594453528512e+01  -1.5279151022291841e+00 -1 234 #xyz tv3 fid bid
           9.8862109643355325e+01   5.1836814626658509e+01  -5.5195564999335156e-01 #xyz tv0
           9.9445672279999997e+01   5.2128717859176078e+01  -1.7703899400000009e+00 #xyz tv1
           9.9575735929999993e+01   5.2106213558249216e+01  -1.5757359300000000e+00 #xyz tv2
           9.9575735929999993e+01   5.2109684047157842e+01  -1.5757359300000000e+00 -1 234 #xyz tv3 fid bid
           9.9575735929999993e+01   5.2106213558249216e+01  -1.5757359300000000e+00 #xyz tv0
           9.9715893154320753e+01   5.2180914828735744e+01  -1.4820858676713335e+00 #xyz tv1
           9.9575735929999993e+01   5.2109684047157842e+01  -1.5757359300000000e+00 #xyz tv2
           9.9445672279999997e+01   5.2128717859176078e+01  -1.7703899400000009e+00 -1 234 #xyz tv3 fid bid
           9.9575735929999993e+01   5.2106213558249216e+01  -1.5757359300000000e+00 #xyz tv0
           9.9634005776901205e+01   5.2141594453528512e+01  -1.5279151022291841e+00 #xyz tv1
           9.9575735929999993e+01   5.2109684047157842e+01  -1.5757359300000000e+00 211 -1 #xyz tv2 fid bid
           9.9445672279999997e+01   5.2128717859176078e+01  -1.7703899400000009e+00 #xyz tv0
           9.9575735929999993e+01   5.2106213558249216e+01  -1.5757359300000000e+00 #xyz tv1
           9.9575735929999993e+01   5.2109684047157842e+01  -1.5757359300000000e+00 211 -1 #xyz tv2 fid bid
           9.9575735929999993e+01   5.2109684047157842e+01  -1.5757359300000000e+00 #xyz ev0
           9.9575735929999993e+01   5.2106213558249216e+01  -1.5757359300000000e+00 -1 234 #xyz ev1 fid bid
   0   0.000000000000e+00   0.000000000000e+00   0.000000000000e+00 #flag location
END_ERR 
G3dErrFileVersion 2018P3.1
FlagFileMetaData Begin
   Mesh Size - Setup1, Refinement, Pass #2, Freq. 9.150000e+08 :Title    
   Listing of mesh elements with poor quality. :ToolTip  
   hf3d :Author   
   1738366349 :TimeStamp
FlagFileMetaData End
BEGIN_ERR 
26 Small mesh segment detected on body : RadiationBox
 Small mesh segment detected on body : RadiationBox 
 Segment Statistics - Number of Segments : 1 --- Segment length(s) : 0.002289mm. The cutoff frequency for S-Matrix Only Solve is 1.30995281621543MHz 
2 -1  202  # nfids, fids[]
2 234  -1  # nbids, bids[]
      4 2 1 0 #ntets ntri ned npts
           9.8946737344335418e+01   5.1828769558916875e+01  -9.2080318312090847e-01 #xyz tv0
           9.9728902974965337e+01   5.2473392983518167e+01  -1.1375535038601052e+00 #xyz tv1
           9.9744149499649680e+01   5.2463205581520860e+01  -1.2507876370914190e+00 #xyz tv2
           9.9730621515977148e+01   5.2472244691136893e+01  -1.1385361607331586e+00 -1 234 #xyz tv3 fid bid
           9.9946204182691758e+01   5.2410700653233263e+01  -1.0719910955489418e+00 #xyz tv0
           9.9744149499649680e+01   5.2463205581520860e+01  -1.2507876370914190e+00 #xyz tv1
           9.9728902974965337e+01   5.2473392983518167e+01  -1.1375535038601052e+00 #xyz tv2
           9.9730621515977148e+01   5.2472244691136893e+01  -1.1385361607331586e+00 -1 234 #xyz tv3 fid bid
           9.8946737344335418e+01   5.1828769558916875e+01  -9.2080318312090847e-01 #xyz tv0
           9.9728902974965337e+01   5.2473392983518167e+01  -1.1375535038601052e+00 #xyz tv1
           9.9730621515977148e+01   5.2472244691136893e+01  -1.1385361607331586e+00 #xyz tv2
           9.9770389940000058e+01   5.2445672280000032e+01  -1.1432107662034972e+00 -1 234 #xyz tv3 fid bid
           9.9770389940000058e+01   5.2445672280000032e+01  -1.1432107662034972e+00 #xyz tv0
           9.9946204182691758e+01   5.2410700653233263e+01  -1.0719910955489418e+00 #xyz tv1
           9.9728902974965337e+01   5.2473392983518167e+01  -1.1375535038601052e+00 #xyz tv2
           9.9730621515977148e+01   5.2472244691136893e+01  -1.1385361607331586e+00 -1 234 #xyz tv3 fid bid
           9.9770389940000058e+01   5.2445672280000032e+01  -1.1432107662034972e+00 #xyz tv0
           9.9728902974965337e+01   5.2473392983518167e+01  -1.1375535038601052e+00 #xyz tv1
           9.9730621515977148e+01   5.2472244691136893e+01  -1.1385361607331586e+00 202 -1 #xyz tv2 fid bid
           9.9728902974965337e+01   5.2473392983518167e+01  -1.1375535038601052e+00 #xyz tv0
           9.9744149499649680e+01   5.2463205581520860e+01  -1.2507876370914190e+00 #xyz tv1
           9.9730621515977148e+01   5.2472244691136893e+01  -1.1385361607331586e+00 202 -1 #xyz tv2 fid bid
           9.9728902974965337e+01   5.2473392983518167e+01  -1.1375535038601052e+00 #xyz ev0
           9.9730621515977148e+01   5.2472244691136893e+01  -1.1385361607331586e+00 -1 234 #xyz ev1 fid bid
   0   0.000000000000e+00   0.000000000000e+00   0.000000000000e+00 #flag location
END_ERR 
BEGIN_ERR 
26 Small mesh segment detected on body : RadiationBox
 Small mesh segment detected on body : RadiationBox 
 Segment Statistics - Number of Segments : 1 --- Segment length(s) : 0.003470mm. The cutoff frequency for S-Matrix Only Solve is 863.833499812496kHz 
2 -1  211  # nfids, fids[]
2 234  -1  # nbids, bids[]
      4 2 1 0 #ntets ntri ned npts
           9.8946737344335418e+01   5.1828769558916875e+01  -9.2080318312090847e-01 #xyz tv0
           9.9634005776901205e+01   5.2141594453528512e+01  -1.5279151022291841e+00 #xyz tv1
           9.9575735929999993e+01   5.2109684047157842e+01  -1.5757359300000000e+00 #xyz tv2
           9.9575735929999993e+01   5.2106213558249216e+01  -1.5757359300000000e+00 -1 234 #xyz tv3 fid bid
           9.9575735929999993e+01   5.2106213558249216e+01  -1.5757359300000000e+00 #xyz tv0
           9.9575735929999993e+01   5.2109684047157842e+01  -1.5757359300000000e+00 #xyz tv1
           9.9715893154320753e+01   5.2180914828735752e+01  -1.4820858676713335e+00 #xyz tv2
           9.9634005776901205e+01   5.2141594453528512e+01  -1.5279151022291841e+00 -1 234 #xyz tv3 fid bid
           9.8946737344335418e+01   5.1828769558916875e+01  -9.2080318312090847e-01 #xyz tv0
           9.9445672279999997e+01   5.2128717859176078e+01  -1.7703899400000009e+00 #xyz tv1
           9.9575735929999993e+01   5.2106213558249216e+01  -1.5757359300000000e+00 #xyz tv2
           9.9575735929999993e+01   5.2109684047157842e+01  -1.5757359300000000e+00 -1 234 #xyz tv3 fid bid
           9.9575735929999993e+01   5.2106213558249216e+01  -1.5757359300000000e+00 #xyz tv0
           9.9715893154320753e+01   5.2180914828735752e+01  -1.4820858676713335e+00 #xyz tv1
           9.9575735929999993e+01   5.2109684047157842e+01  -1.5757359300000000e+00 #xyz tv2
           9.9445672279999997e+01   5.2128717859176078e+01  -1.7703899400000009e+00 -1 234 #xyz tv3 fid bid
           9.9575735929999993e+01   5.2106213558249216e+01  -1.5757359300000000e+00 #xyz tv0
           9.9634005776901205e+01   5.2141594453528512e+01  -1.5279151022291841e+00 #xyz tv1
           9.9575735929999993e+01   5.2109684047157842e+01  -1.5757359300000000e+00 211 -1 #xyz tv2 fid bid
           9.9445672279999997e+01   5.2128717859176078e+01  -1.7703899400000009e+00 #xyz tv0
           9.9575735929999993e+01   5.2106213558249216e+01  -1.5757359300000000e+00 #xyz tv1
           9.9575735929999993e+01   5.2109684047157842e+01  -1.5757359300000000e+00 211 -1 #xyz tv2 fid bid
           9.9575735929999993e+01   5.2109684047157842e+01  -1.5757359300000000e+00 #xyz ev0
           9.9575735929999993e+01   5.2106213558249216e+01  -1.5757359300000000e+00 -1 234 #xyz ev1 fid bid
   0   0.000000000000e+00   0.000000000000e+00   0.000000000000e+00 #flag location
END_ERR 
BEGIN_ERR 
26 Small mesh segment detected on body : RadiationBox
 Small mesh segment detected on body : RadiationBox 
 Segment Statistics - Number of Segments : 1 --- Segment length(s) : 0.005861mm. The cutoff frequency for S-Matrix Only Solve is 599.584916kHz 
2 -1  211  # nfids, fids[]
2 234  -1  # nbids, bids[]
      4 2 1 0 #ntets ntri ned npts
           9.8946737344335418e+01   5.1828769558916875e+01  -9.2080318312090847e-01 #xyz tv0
           9.9634005776901205e+01   5.2141594453528512e+01  -1.5279151022291841e+00 #xyz tv1
           9.9575735929999993e+01   5.2115544660532024e+01  -1.5757359300000000e+00 #xyz tv2
           9.9575735929999993e+01   5.2109684047157842e+01  -1.5757359300000000e+00 -1 234 #xyz tv3 fid bid
           9.9575735929999993e+01   5.2109684047157842e+01  -1.5757359300000000e+00 #xyz tv0
           9.9575735929999993e+01   5.2115544660532024e+01  -1.5757359300000000e+00 #xyz tv1
           9.9715893154320753e+01   5.2180914828735752e+01  -1.4820858676713335e+00 #xyz tv2
           9.9634005776901205e+01   5.2141594453528512e+01  -1.5279151022291841e+00 -1 234 #xyz tv3 fid bid
           9.8946737344335418e+01   5.1828769558916875e+01  -9.2080318312090847e-01 #xyz tv0
           9.9445672279999997e+01   5.2128717859176078e+01  -1.7703899400000009e+00 #xyz tv1
           9.9575735929999993e+01   5.2109684047157842e+01  -1.5757359300000000e+00 #xyz tv2
           9.9575735929999993e+01   5.2115544660532024e+01  -1.5757359300000000e+00 -1 234 #xyz tv3 fid bid
           9.9575735929999993e+01   5.2109684047157842e+01  -1.5757359300000000e+00 #xyz tv0
           9.9715893154320753e+01   5.2180914828735752e+01  -1.4820858676713335e+00 #xyz tv1
           9.9575735929999993e+01   5.2115544660532024e+01  -1.5757359300000000e+00 #xyz tv2
           9.9445672279999997e+01   5.2128717859176078e+01  -1.7703899400000009e+00 -1 234 #xyz tv3 fid bid
           9.9575735929999993e+01   5.2109684047157842e+01  -1.5757359300000000e+00 #xyz tv0
           9.9634005776901205e+01   5.2141594453528512e+01  -1.5279151022291841e+00 #xyz tv1
           9.9575735929999993e+01   5.2115544660532024e+01  -1.5757359300000000e+00 211 -1 #xyz tv2 fid bid
           9.9445672279999997e+01   5.2128717859176078e+01  -1.7703899400000009e+00 #xyz tv0
           9.9575735929999993e+01   5.2109684047157842e+01  -1.5757359300000000e+00 #xyz tv1
           9.9575735929999993e+01   5.2115544660532024e+01  -1.5757359300000000e+00 211 -1 #xyz tv2 fid bid
           9.9575735929999993e+01   5.2115544660532024e+01  -1.5757359300000000e+00 #xyz ev0
           9.9575735929999993e+01   5.2109684047157842e+01  -1.5757359300000000e+00 -1 234 #xyz ev1 fid bid
   0   0.000000000000e+00   0.000000000000e+00   0.000000000000e+00 #flag location
END_ERR 
G3dErrFileVersion 2018P3.1
FlagFileMetaData Begin
   Mesh Size - Setup1, Refinement, Pass #3, Freq. 9.150000e+08 :Title    
   Listing of mesh elements with poor quality. :ToolTip  
   hf3d :Author   
   1738366353 :TimeStamp
FlagFileMetaData End
BEGIN_ERR 
26 Small mesh segment detected on body : RadiationBox
 Small mesh segment detected on body : RadiationBox 
 Segment Statistics - Number of Segments : 1 --- Segment length(s) : 0.002289mm. The cutoff frequency for S-Matrix Only Solve is 1.30995281621543MHz 
2 -1  202  # nfids, fids[]
2 234  -1  # nbids, bids[]
      4 2 1 0 #ntets ntri ned npts
           9.9089028190217846e+01   5.1927585936643524e+01  -1.0619895450892858e+00 #xyz tv0
           9.9728902974965337e+01   5.2473392983518167e+01  -1.1375535038601052e+00 #xyz tv1
           9.9744149499649680e+01   5.2463205581520860e+01  -1.2507876370914190e+00 #xyz tv2
           9.9730621515977148e+01   5.2472244691136893e+01  -1.1385361607331586e+00 -1 234 #xyz tv3 fid bid
           9.9946204182691758e+01   5.2410700653233263e+01  -1.0719910955489418e+00 #xyz tv0
           9.9744149499649680e+01   5.2463205581520860e+01  -1.2507876370914190e+00 #xyz tv1
           9.9728902974965337e+01   5.2473392983518167e+01  -1.1375535038601052e+00 #xyz tv2
           9.9730621515977148e+01   5.2472244691136893e+01  -1.1385361607331586e+00 -1 234 #xyz tv3 fid bid
           9.9089028190217846e+01   5.1927585936643524e+01  -1.0619895450892858e+00 #xyz tv0
           9.9728902974965337e+01   5.2473392983518167e+01  -1.1375535038601052e+00 #xyz tv1
           9.9730621515977148e+01   5.2472244691136893e+01  -1.1385361607331586e+00 #xyz tv2
           9.9770389940000058e+01   5.2445672280000039e+01  -1.1432107662034972e+00 -1 234 #xyz tv3 fid bid
           9.9770389940000058e+01   5.2445672280000039e+01  -1.1432107662034972e+00 #xyz tv0
           9.9946204182691758e+01   5.2410700653233263e+01  -1.0719910955489418e+00 #xyz tv1
           9.9728902974965337e+01   5.2473392983518167e+01  -1.1375535038601052e+00 #xyz tv2
           9.9730621515977148e+01   5.2472244691136893e+01  -1.1385361607331586e+00 -1 234 #xyz tv3 fid bid
           9.9770389940000058e+01   5.2445672280000039e+01  -1.1432107662034972e+00 #xyz tv0
           9.9728902974965337e+01   5.2473392983518167e+01  -1.1375535038601052e+00 #xyz tv1
           9.9730621515977148e+01   5.2472244691136893e+01  -1.1385361607331586e+00 202 -1 #xyz tv2 fid bid
           9.9728902974965337e+01   5.2473392983518167e+01  -1.1375535038601052e+00 #xyz tv0
           9.9744149499649680e+01   5.2463205581520860e+01  -1.2507876370914190e+00 #xyz tv1
           9.9730621515977148e+01   5.2472244691136893e+01  -1.1385361607331586e+00 202 -1 #xyz tv2 fid bid
           9.9728902974965337e+01   5.2473392983518167e+01  -1.1375535038601052e+00 #xyz ev0
           9.9730621515977148e+01   5.2472244691136893e+01  -1.1385361607331586e+00 -1 234 #xyz ev1 fid bid
   0   0.000000000000e+00   0.000000000000e+00   0.000000000000e+00 #flag location
END_ERR 
BEGIN_ERR 
26 Small mesh segment detected on body : RadiationBox
 Small mesh segment detected on body : RadiationBox 
 Segment Statistics - Number of Segments : 1 --- Segment length(s) : 0.003470mm. The cutoff frequency for S-Matrix Only Solve is 863.833499812496kHz 
2 -1  211  # nfids, fids[]
2 234  -1  # nbids, bids[]
      4 2 1 0 #ntets ntri ned npts
           9.9089028190217846e+01   5.1927585936643524e+01  -1.0619895450892858e+00 #xyz tv0
           9.9634005776901205e+01   5.2141594453528512e+01  -1.5279151022291841e+00 #xyz tv1
           9.9575735929999993e+01   5.2109684047157842e+01  -1.5757359300000000e+00 #xyz tv2
           9.9575735929999993e+01   5.2106213558249216e+01  -1.5757359300000000e+00 -1 234 #xyz tv3 fid bid
           9.9575735929999993e+01   5.2106213558249216e+01  -1.5757359300000000e+00 #xyz tv0
           9.9575735929999993e+01   5.2109684047157842e+01  -1.5757359300000000e+00 #xyz tv1
           9.9715893154320753e+01   5.2180914828735759e+01  -1.4820858676713335e+00 #xyz tv2
           9.9634005776901205e+01   5.2141594453528512e+01  -1.5279151022291841e+00 -1 234 #xyz tv3 fid bid
           9.9089028190217846e+01   5.1927585936643524e+01  -1.0619895450892858e+00 #xyz tv0
           9.9445672279999997e+01   5.2128717859176078e+01  -1.7703899400000009e+00 #xyz tv1
           9.9575735929999993e+01   5.2106213558249216e+01  -1.5757359300000000e+00 #xyz tv2
           9.9575735929999993e+01   5.2109684047157842e+01  -1.5757359300000000e+00 -1 234 #xyz tv3 fid bid
           9.9575735929999993e+01   5.2106213558249216e+01  -1.5757359300000000e+00 #xyz tv0
           9.9715893154320753e+01   5.2180914828735759e+01  -1.4820858676713335e+00 #xyz tv1
           9.9575735929999993e+01   5.2109684047157842e+01  -1.5757359300000000e+00 #xyz tv2
           9.9445672279999997e+01   5.2128717859176078e+01  -1.7703899400000009e+00 -1 234 #xyz tv3 fid bid
           9.9575735929999993e+01   5.2106213558249216e+01  -1.5757359300000000e+00 #xyz tv0
           9.9634005776901205e+01   5.2141594453528512e+01  -1.5279151022291841e+00 #xyz tv1
           9.9575735929999993e+01   5.2109684047157842e+01  -1.5757359300000000e+00 211 -1 #xyz tv2 fid bid
           9.9445672279999997e+01   5.2128717859176078e+01  -1.7703899400000009e+00 #xyz tv0
           9.9575735929999993e+01   5.2106213558249216e+01  -1.5757359300000000e+00 #xyz tv1
           9.9575735929999993e+01   5.2109684047157842e+01  -1.5757359300000000e+00 211 -1 #xyz tv2 fid bid
           9.9575735929999993e+01   5.2109684047157842e+01  -1.5757359300000000e+00 #xyz ev0
           9.9575735929999993e+01   5.2106213558249216e+01  -1.5757359300000000e+00 -1 234 #xyz ev1 fid bid
   0   0.000000000000e+00   0.000000000000e+00   0.000000000000e+00 #flag location
END_ERR 
BEGIN_ERR 
26 Small mesh segment detected on body : RadiationBox
 Small mesh segment detected on body : RadiationBox 
 Segment Statistics - Number of Segments : 1 --- Segment length(s) : 0.005861mm. The cutoff frequency for S-Matrix Only Solve is 599.584916kHz 
2 -1  211  # nfids, fids[]
2 234  -1  # nbids, bids[]
      4 2 1 0 #ntets ntri ned npts
           9.9089028190217846e+01   5.1927585936643524e+01  -1.0619895450892858e+00 #xyz tv0
           9.9634005776901205e+01   5.2141594453528512e+01  -1.5279151022291841e+00 #xyz tv1
           9.9575735929999993e+01   5.2115544660532024e+01  -1.5757359300000000e+00 #xyz tv2
           9.9575735929999993e+01   5.2109684047157842e+01  -1.5757359300000000e+00 -1 234 #xyz tv3 fid bid
           9.9575735929999993e+01   5.2109684047157842e+01  -1.5757359300000000e+00 #xyz tv0
           9.9575735929999993e+01   5.2115544660532024e+01  -1.5757359300000000e+00 #xyz tv1
           9.9715893154320753e+01   5.2180914828735759e+01  -1.4820858676713335e+00 #xyz tv2
           9.9634005776901205e+01   5.2141594453528512e+01  -1.5279151022291841e+00 -1 234 #xyz tv3 fid bid
           9.9089028190217846e+01   5.1927585936643524e+01  -1.0619895450892858e+00 #xyz tv0
           9.9445672279999997e+01   5.2128717859176078e+01  -1.7703899400000009e+00 #xyz tv1
           9.9575735929999993e+01   5.2109684047157842e+01  -1.5757359300000000e+00 #xyz tv2
           9.9575735929999993e+01   5.2115544660532024e+01  -1.5757359300000000e+00 -1 234 #xyz tv3 fid bid
           9.9575735929999993e+01   5.2109684047157842e+01  -1.5757359300000000e+00 #xyz tv0
           9.9715893154320753e+01   5.2180914828735759e+01  -1.4820858676713335e+00 #xyz tv1
           9.9575735929999993e+01   5.2115544660532024e+01  -1.5757359300000000e+00 #xyz tv2
           9.9445672279999997e+01   5.2128717859176078e+01  -1.7703899400000009e+00 -1 234 #xyz tv3 fid bid
           9.9575735929999993e+01   5.2109684047157842e+01  -1.5757359300000000e+00 #xyz tv0
           9.9634005776901205e+01   5.2141594453528512e+01  -1.5279151022291841e+00 #xyz tv1
           9.9575735929999993e+01   5.2115544660532024e+01  -1.5757359300000000e+00 211 -1 #xyz tv2 fid bid
           9.9445672279999997e+01   5.2128717859176078e+01  -1.7703899400000009e+00 #xyz tv0
           9.9575735929999993e+01   5.2109684047157842e+01  -1.5757359300000000e+00 #xyz tv1
           9.9575735929999993e+01   5.2115544660532024e+01  -1.5757359300000000e+00 211 -1 #xyz tv2 fid bid
           9.9575735929999993e+01   5.2115544660532024e+01  -1.5757359300000000e+00 #xyz ev0
           9.9575735929999993e+01   5.2109684047157842e+01  -1.5757359300000000e+00 -1 234 #xyz ev1 fid bid
   0   0.000000000000e+00   0.000000000000e+00   0.000000000000e+00 #flag location
END_ERR 
G3dErrFileVersion 2018P3.1
FlagFileMetaData Begin
   Mesh Size - Setup1, Refinement, Pass #4, Freq. 9.150000e+08 :Title    
   Listing of mesh elements with poor quality. :ToolTip  
   hf3d :Author   
   1738366359 :TimeStamp
FlagFileMetaData End
BEGIN_ERR 
26 Small mesh segment detected on body : RadiationBox
 Small mesh segment detected on body : RadiationBox 
 Segment Statistics - Number of Segments : 1 --- Segment length(s) : 0.002289mm. The cutoff frequency for S-Matrix Only Solve is 1.30995281621543MHz 
2 -1  202  # nfids, fids[]
2 234  -1  # nbids, bids[]
      4 2 1 0 #ntets ntri ned npts
           9.9187628418721545e+01   5.2063252789202380e+01  -1.1710740372466917e+00 #xyz tv0
           9.9728902974965337e+01   5.2473392983518167e+01  -1.1375535038601052e+00 #xyz tv1
           9.9744149499649680e+01   5.2463205581520860e+01  -1.2507876370914190e+00 #xyz tv2
           9.9730621515977148e+01   5.2472244691136893e+01  -1.1385361607331586e+00 -1 234 #xyz tv3 fid bid
           9.9946204182691758e+01   5.2410700653233263e+01  -1.0719910955489418e+00 #xyz tv0
           9.9744149499649680e+01   5.2463205581520860e+01  -1.2507876370914190e+00 #xyz tv1
           9.9728902974965337e+01   5.2473392983518167e+01  -1.1375535038601052e+00 #xyz tv2
           9.9730621515977148e+01   5.2472244691136893e+01  -1.1385361607331586e+00 -1 234 #xyz tv3 fid bid
           9.9187628418721545e+01   5.2063252789202380e+01  -1.1710740372466917e+00 #xyz tv0
           9.9728902974965337e+01   5.2473392983518167e+01  -1.1375535038601052e+00 #xyz tv1
           9.9730621515977148e+01   5.2472244691136893e+01  -1.1385361607331586e+00 #xyz tv2
           9.9770389940000058e+01   5.2445672280000039e+01  -1.1432107662034972e+00 -1 234 #xyz tv3 fid bid
           9.9770389940000058e+01   5.2445672280000039e+01  -1.1432107662034972e+00 #xyz tv0
           9.9946204182691758e+01   5.2410700653233263e+01  -1.0719910955489418e+00 #xyz tv1
           9.9728902974965337e+01   5.2473392983518167e+01  -1.1375535038601052e+00 #xyz tv2
           9.9730621515977148e+01   5.2472244691136893e+01  -1.1385361607331586e+00 -1 234 #xyz tv3 fid bid
           9.9770389940000058e+01   5.2445672280000039e+01  -1.1432107662034972e+00 #xyz tv0
           9.9728902974965337e+01   5.2473392983518167e+01  -1.1375535038601052e+00 #xyz tv1
           9.9730621515977148e+01   5.2472244691136893e+01  -1.1385361607331586e+00 202 -1 #xyz tv2 fid bid
           9.9728902974965337e+01   5.2473392983518167e+01  -1.1375535038601052e+00 #xyz tv0
           9.9744149499649680e+01   5.2463205581520860e+01  -1.2507876370914190e+00 #xyz tv1
           9.9730621515977148e+01   5.2472244691136893e+01  -1.1385361607331586e+00 202 -1 #xyz tv2 fid bid
           9.9728902974965337e+01   5.2473392983518167e+01  -1.1375535038601052e+00 #xyz ev0
           9.9730621515977148e+01   5.2472244691136893e+01  -1.1385361607331586e+00 -1 234 #xyz ev1 fid bid
   0   0.000000000000e+00   0.000000000000e+00   0.000000000000e+00 #flag location
END_ERR 
BEGIN_ERR 
26 Small mesh segment detected on body : RadiationBox
 Small mesh segment detected on body : RadiationBox 
 Segment Statistics - Number of Segments : 1 --- Segment length(s) : 0.003470mm. The cutoff frequency for S-Matrix Only Solve is 863.833499812496kHz 
2 -1  211  # nfids, fids[]
2 234  -1  # nbids, bids[]
      4 2 1 0 #ntets ntri ned npts
           9.9187628418721545e+01   5.2063252789202380e+01  -1.1710740372466917e+00 #xyz tv0
           9.9634005776901205e+01   5.2141594453528512e+01  -1.5279151022291841e+00 #xyz tv1
           9.9575735929999993e+01   5.2109684047157842e+01  -1.5757359300000000e+00 #xyz tv2
           9.9575735929999993e+01   5.2106213558249216e+01  -1.5757359300000000e+00 -1 234 #xyz tv3 fid bid
           9.9575735929999993e+01   5.2106213558249216e+01  -1.5757359300000000e+00 #xyz tv0
           9.9575735929999993e+01   5.2109684047157842e+01  -1.5757359300000000e+00 #xyz tv1
           9.9715893154320753e+01   5.2180914828735766e+01  -1.4820858676713335e+00 #xyz tv2
           9.9634005776901205e+01   5.2141594453528512e+01  -1.5279151022291841e+00 -1 234 #xyz tv3 fid bid
           9.9187628418721545e+01   5.2063252789202380e+01  -1.1710740372466917e+00 #xyz tv0
           9.9445672279999997e+01   5.2128717859176078e+01  -1.7703899400000009e+00 #xyz tv1
           9.9575735929999993e+01   5.2106213558249216e+01  -1.5757359300000000e+00 #xyz tv2
           9.9575735929999993e+01   5.2109684047157842e+01  -1.5757359300000000e+00 -1 234 #xyz tv3 fid bid
           9.9575735929999993e+01   5.2106213558249216e+01  -1.5757359300000000e+00 #xyz tv0
           9.9715893154320753e+01   5.2180914828735766e+01  -1.4820858676713335e+00 #xyz tv1
           9.9575735929999993e+01   5.2109684047157842e+01  -1.5757359300000000e+00 #xyz tv2
           9.9445672279999997e+01   5.2128717859176078e+01  -1.7703899400000009e+00 -1 234 #xyz tv3 fid bid
           9.9575735929999993e+01   5.2106213558249216e+01  -1.5757359300000000e+00 #xyz tv0
           9.9634005776901205e+01   5.2141594453528512e+01  -1.5279151022291841e+00 #xyz tv1
           9.9575735929999993e+01   5.2109684047157842e+01  -1.5757359300000000e+00 211 -1 #xyz tv2 fid bid
           9.9445672279999997e+01   5.2128717859176078e+01  -1.7703899400000009e+00 #xyz tv0
           9.9575735929999993e+01   5.2106213558249216e+01  -1.5757359300000000e+00 #xyz tv1
           9.9575735929999993e+01   5.2109684047157842e+01  -1.5757359300000000e+00 211 -1 #xyz tv2 fid bid
           9.9575735929999993e+01   5.2109684047157842e+01  -1.5757359300000000e+00 #xyz ev0
           9.9575735929999993e+01   5.2106213558249216e+01  -1.5757359300000000e+00 -1 234 #xyz ev1 fid bid
   0   0.000000000000e+00   0.000000000000e+00   0.000000000000e+00 #flag location
END_ERR 
BEGIN_ERR 
26 Small mesh segment detected on body : RadiationBox
 Small mesh segment detected on body : RadiationBox 
 Segment Statistics - Number of Segments : 1 --- Segment length(s) : 0.005861mm. The cutoff frequency for S-Matrix Only Solve is 599.584916kHz 
2 -1  211  # nfids, fids[]
2 234  -1  # nbids, bids[]
      4 2 1 0 #ntets ntri ned npts
           9.9187628418721545e+01   5.2063252789202380e+01  -1.1710740372466917e+00 #xyz tv0
           9.9634005776901205e+01   5.2141594453528512e+01  -1.5279151022291841e+00 #xyz tv1
           9.9575735929999993e+01   5.2115544660532024e+01  -1.5757359300000000e+00 #xyz tv2
           9.9575735929999993e+01   5.2109684047157842e+01  -1.5757359300000000e+00 -1 234 #xyz tv3 fid bid
           9.9575735929999993e+01   5.2109684047157842e+01  -1.5757359300000000e+00 #xyz tv0
           9.9575735929999993e+01   5.2115544660532024e+01  -1.5757359300000000e+00 #xyz tv1
           9.9715893154320753e+01   5.2180914828735766e+01  -1.4820858676713335e+00 #xyz tv2
           9.9634005776901205e+01   5.2141594453528512e+01  -1.5279151022291841e+00 -1 234 #xyz tv3 fid bid
           9.9187628418721545e+01   5.2063252789202380e+01  -1.1710740372466917e+00 #xyz tv0
           9.9445672279999997e+01   5.2128717859176078e+01  -1.7703899400000009e+00 #xyz tv1
           9.9575735929999993e+01   5.2109684047157842e+01  -1.5757359300000000e+00 #xyz tv2
           9.9575735929999993e+01   5.2115544660532024e+01  -1.5757359300000000e+00 -1 234 #xyz tv3 fid bid
           9.9575735929999993e+01   5.2109684047157842e+01  -1.5757359300000000e+00 #xyz tv0
           9.9715893154320753e+01   5.2180914828735766e+01  -1.4820858676713335e+00 #xyz tv1
           9.9575735929999993e+01   5.2115544660532024e+01  -1.5757359300000000e+00 #xyz tv2
           9.9445672279999997e+01   5.2128717859176078e+01  -1.7703899400000009e+00 -1 234 #xyz tv3 fid bid
           9.9575735929999993e+01   5.2109684047157842e+01  -1.5757359300000000e+00 #xyz tv0
           9.9634005776901205e+01   5.2141594453528512e+01  -1.5279151022291841e+00 #xyz tv1
           9.9575735929999993e+01   5.2115544660532024e+01  -1.5757359300000000e+00 211 -1 #xyz tv2 fid bid
           9.9445672279999997e+01   5.2128717859176078e+01  -1.7703899400000009e+00 #xyz tv0
           9.9575735929999993e+01   5.2109684047157842e+01  -1.5757359300000000e+00 #xyz tv1
           9.9575735929999993e+01   5.2115544660532024e+01  -1.5757359300000000e+00 211 -1 #xyz tv2 fid bid
           9.9575735929999993e+01   5.2115544660532024e+01  -1.5757359300000000e+00 #xyz ev0
           9.9575735929999993e+01   5.2109684047157842e+01  -1.5757359300000000e+00 -1 234 #xyz ev1 fid bid
   0   0.000000000000e+00   0.000000000000e+00   0.000000000000e+00 #flag location
END_ERR 
BEGIN_ERR 
26 Small mesh segment detected on body : RadiationBox
 Small mesh segment detected on body : RadiationBox 
 Segment Statistics - Number of Segments : 1 --- Segment length(s) : 0.006542mm. The cutoff frequency for S-Matrix Only Solve is 599.584916kHz 
2 -1  202  # nfids, fids[]
2 234  -1  # nbids, bids[]
      6 2 1 0 #ntets ntri ned npts
           9.9187628418721545e+01   5.2063252789202380e+01  -1.1710740372466917e+00 #xyz tv0
           9.9749239806517508e+01   5.2459804347244472e+01  -1.2484821160112105e+00 #xyz tv1
           9.9744149499649680e+01   5.2463205581520860e+01  -1.2507876370914190e+00 #xyz tv2
           9.9445672279999997e+01   5.2282991068121923e+01  -1.7703899400000009e+00 -1 234 #xyz tv3 fid bid
           9.9187628418721545e+01   5.2063252789202380e+01  -1.1710740372466917e+00 #xyz tv0
           9.9744149499649680e+01   5.2463205581520860e+01  -1.2507876370914190e+00 #xyz tv1
           9.9749239806517508e+01   5.2459804347244472e+01  -1.2484821160112105e+00 #xyz tv2
           9.9730621515977148e+01   5.2472244691136893e+01  -1.1385361607331586e+00 -1 234 #xyz tv3 fid bid
           9.9445672279999997e+01   5.2282991068121923e+01  -1.7703899400000009e+00 #xyz tv0
           9.9744149499649680e+01   5.2463205581520860e+01  -1.2507876370914190e+00 #xyz tv1
           9.9575735929999993e+01   5.2351956505931341e+01  -1.5757359300000000e+00 #xyz tv2
           9.9749239806517508e+01   5.2459804347244472e+01  -1.2484821160112105e+00 -1 234 #xyz tv3 fid bid
           9.9946204182691758e+01   5.2410700653233263e+01  -1.0719910955489418e+00 #xyz tv0
           9.9744149499649680e+01   5.2463205581520860e+01  -1.2507876370914190e+00 #xyz tv1
           9.9730621515977148e+01   5.2472244691136893e+01  -1.1385361607331586e+00 #xyz tv2
           9.9749239806517508e+01   5.2459804347244472e+01  -1.2484821160112105e+00 -1 234 #xyz tv3 fid bid
           9.9575735929999993e+01   5.2351956505931341e+01  -1.5757359300000000e+00 #xyz tv0
           9.9744149499649680e+01   5.2463205581520860e+01  -1.2507876370914190e+00 #xyz tv1
           9.9666657860000001e+01   5.2501118230000003e+01  -1.5011182300000008e+00 #xyz tv2
           9.9749239806517508e+01   5.2459804347244472e+01  -1.2484821160112105e+00 -1 234 #xyz tv3 fid bid
           9.9744149499649680e+01   5.2463205581520860e+01  -1.2507876370914190e+00 #xyz tv0
           9.9749239806517508e+01   5.2459804347244472e+01  -1.2484821160112105e+00 #xyz tv1
           9.9946204182691758e+01   5.2410700653233263e+01  -1.0719910955489418e+00 #xyz tv2
